2 1 128 0 257 XOR
2 1 129 1 259 XOR
2 1 0 128 258 AND
2 1 259 258 260 XOR
2 1 258 259 266 AND
2 1 1 129 264 AND
2 1 130 2 263 XOR
2 1 264 263 265 XOR
2 1 266 265 267 XOR
2 1 131 3 273 XOR
2 1 2 130 262 AND
2 1 258 264 268 AND
2 1 2 130 261 AND
2 1 1 129 269 AND
2 1 261 269 270 AND
2 1 268 270 271 AND
2 1 262 271 272 AND
2 1 273 272 274 XOR
2 1 272 273 280 AND
2 1 3 131 278 AND
2 1 132 4 277 XOR
2 1 278 277 279 XOR
2 1 280 279 281 XOR
2 1 133 5 287 XOR
2 1 4 132 276 AND
2 1 3 131 282 AND
2 1 272 282 283 AND
2 1 4 132 275 AND
2 1 275 278 284 AND
2 1 283 284 285 AND
2 1 276 285 286 AND
2 1 287 286 288 XOR
2 1 286 287 294 AND
2 1 5 133 292 AND
2 1 134 6 291 XOR
2 1 292 291 293 XOR
2 1 294 293 295 XOR
2 1 135 7 301 XOR
2 1 6 134 290 AND
2 1 5 133 296 AND
2 1 286 296 297 AND
2 1 6 134 289 AND
2 1 289 292 298 AND
2 1 297 298 299 AND
2 1 290 299 300 AND
2 1 301 300 302 XOR
2 1 300 301 308 AND
2 1 7 135 306 AND
2 1 136 8 305 XOR
2 1 306 305 307 XOR
2 1 308 307 309 XOR
2 1 137 9 315 XOR
2 1 8 136 304 AND
2 1 7 135 310 AND
2 1 300 310 311 AND
2 1 8 136 303 AND
2 1 303 306 312 AND
2 1 311 312 313 AND
2 1 304 313 314 AND
2 1 315 314 316 XOR
2 1 314 315 322 AND
2 1 9 137 320 AND
2 1 138 10 319 XOR
2 1 320 319 321 XOR
2 1 322 321 323 XOR
2 1 139 11 329 XOR
2 1 10 138 318 AND
2 1 9 137 324 AND
2 1 314 324 325 AND
2 1 10 138 317 AND
2 1 317 320 326 AND
2 1 325 326 327 AND
2 1 318 327 328 AND
2 1 329 328 330 XOR
2 1 328 329 336 AND
2 1 11 139 334 AND
2 1 140 12 333 XOR
2 1 334 333 335 XOR
2 1 336 335 337 XOR
2 1 141 13 343 XOR
2 1 12 140 332 AND
2 1 11 139 338 AND
2 1 328 338 339 AND
2 1 12 140 331 AND
2 1 331 334 340 AND
2 1 339 340 341 AND
2 1 332 341 342 AND
2 1 343 342 344 XOR
2 1 342 343 350 AND
2 1 13 141 348 AND
2 1 142 14 347 XOR
2 1 348 347 349 XOR
2 1 350 349 351 XOR
2 1 143 15 357 XOR
2 1 14 142 346 AND
2 1 13 141 352 AND
2 1 342 352 353 AND
2 1 14 142 345 AND
2 1 345 348 354 AND
2 1 353 354 355 AND
2 1 346 355 356 AND
2 1 357 356 358 XOR
2 1 356 357 364 AND
2 1 15 143 362 AND
2 1 144 16 361 XOR
2 1 362 361 363 XOR
2 1 364 363 365 XOR
2 1 145 17 371 XOR
2 1 16 144 360 AND
2 1 15 143 366 AND
2 1 356 366 367 AND
2 1 16 144 359 AND
2 1 359 362 368 AND
2 1 367 368 369 AND
2 1 360 369 370 AND
2 1 371 370 372 XOR
2 1 370 371 378 AND
2 1 17 145 376 AND
2 1 146 18 375 XOR
2 1 376 375 377 XOR
2 1 378 377 379 XOR
2 1 147 19 385 XOR
2 1 18 146 374 AND
2 1 17 145 380 AND
2 1 370 380 381 AND
2 1 18 146 373 AND
2 1 373 376 382 AND
2 1 381 382 383 AND
2 1 374 383 384 AND
2 1 385 384 386 XOR
2 1 384 385 392 AND
2 1 19 147 390 AND
2 1 148 20 389 XOR
2 1 390 389 391 XOR
2 1 392 391 393 XOR
2 1 149 21 399 XOR
2 1 20 148 388 AND
2 1 19 147 394 AND
2 1 384 394 395 AND
2 1 20 148 387 AND
2 1 387 390 396 AND
2 1 395 396 397 AND
2 1 388 397 398 AND
2 1 399 398 400 XOR
2 1 398 399 406 AND
2 1 21 149 404 AND
2 1 150 22 403 XOR
2 1 404 403 405 XOR
2 1 406 405 407 XOR
2 1 151 23 413 XOR
2 1 22 150 402 AND
2 1 21 149 408 AND
2 1 398 408 409 AND
2 1 22 150 401 AND
2 1 401 404 410 AND
2 1 409 410 411 AND
2 1 402 411 412 AND
2 1 413 412 414 XOR
2 1 412 413 420 AND
2 1 23 151 418 AND
2 1 152 24 417 XOR
2 1 418 417 419 XOR
2 1 420 419 421 XOR
2 1 153 25 427 XOR
2 1 24 152 416 AND
2 1 23 151 422 AND
2 1 412 422 423 AND
2 1 24 152 415 AND
2 1 415 418 424 AND
2 1 423 424 425 AND
2 1 416 425 426 AND
2 1 427 426 428 XOR
2 1 426 427 434 AND
2 1 25 153 432 AND
2 1 154 26 431 XOR
2 1 432 431 433 XOR
2 1 434 433 435 XOR
2 1 155 27 441 XOR
2 1 26 154 430 AND
2 1 25 153 436 AND
2 1 426 436 437 AND
2 1 26 154 429 AND
2 1 429 432 438 AND
2 1 437 438 439 AND
2 1 430 439 440 AND
2 1 441 440 442 XOR
2 1 440 441 448 AND
2 1 27 155 446 AND
2 1 156 28 445 XOR
2 1 446 445 447 XOR
2 1 448 447 449 XOR
2 1 157 29 455 XOR
2 1 28 156 444 AND
2 1 27 155 450 AND
2 1 440 450 451 AND
2 1 28 156 443 AND
2 1 443 446 452 AND
2 1 451 452 453 AND
2 1 444 453 454 AND
2 1 455 454 456 XOR
2 1 454 455 462 AND
2 1 29 157 460 AND
2 1 158 30 459 XOR
2 1 460 459 461 XOR
2 1 462 461 463 XOR
2 1 159 31 469 XOR
2 1 30 158 458 AND
2 1 29 157 464 AND
2 1 454 464 465 AND
2 1 30 158 457 AND
2 1 457 460 466 AND
2 1 465 466 467 AND
2 1 458 467 468 AND
2 1 469 468 470 XOR
2 1 468 469 476 AND
2 1 31 159 474 AND
2 1 160 32 473 XOR
2 1 474 473 475 XOR
2 1 476 475 477 XOR
2 1 161 33 483 XOR
2 1 32 160 472 AND
2 1 31 159 478 AND
2 1 468 478 479 AND
2 1 32 160 471 AND
2 1 471 474 480 AND
2 1 479 480 481 AND
2 1 472 481 482 AND
2 1 483 482 484 XOR
2 1 482 483 490 AND
2 1 33 161 488 AND
2 1 162 34 487 XOR
2 1 488 487 489 XOR
2 1 490 489 491 XOR
2 1 163 35 497 XOR
2 1 34 162 486 AND
2 1 33 161 492 AND
2 1 482 492 493 AND
2 1 34 162 485 AND
2 1 485 488 494 AND
2 1 493 494 495 AND
2 1 486 495 496 AND
2 1 497 496 498 XOR
2 1 496 497 504 AND
2 1 35 163 502 AND
2 1 164 36 501 XOR
2 1 502 501 503 XOR
2 1 504 503 505 XOR
2 1 165 37 511 XOR
2 1 36 164 500 AND
2 1 35 163 506 AND
2 1 496 506 507 AND
2 1 36 164 499 AND
2 1 499 502 508 AND
2 1 507 508 509 AND
2 1 500 509 510 AND
2 1 511 510 512 XOR
2 1 510 511 518 AND
2 1 37 165 516 AND
2 1 166 38 515 XOR
2 1 516 515 517 XOR
2 1 518 517 519 XOR
2 1 167 39 525 XOR
2 1 38 166 514 AND
2 1 37 165 520 AND
2 1 510 520 521 AND
2 1 38 166 513 AND
2 1 513 516 522 AND
2 1 521 522 523 AND
2 1 514 523 524 AND
2 1 525 524 526 XOR
2 1 524 525 532 AND
2 1 39 167 530 AND
2 1 168 40 529 XOR
2 1 530 529 531 XOR
2 1 532 531 533 XOR
2 1 169 41 539 XOR
2 1 40 168 528 AND
2 1 39 167 534 AND
2 1 524 534 535 AND
2 1 40 168 527 AND
2 1 527 530 536 AND
2 1 535 536 537 AND
2 1 528 537 538 AND
2 1 539 538 540 XOR
2 1 538 539 546 AND
2 1 41 169 544 AND
2 1 170 42 543 XOR
2 1 544 543 545 XOR
2 1 546 545 547 XOR
2 1 171 43 553 XOR
2 1 42 170 542 AND
2 1 41 169 548 AND
2 1 538 548 549 AND
2 1 42 170 541 AND
2 1 541 544 550 AND
2 1 549 550 551 AND
2 1 542 551 552 AND
2 1 553 552 554 XOR
2 1 552 553 560 AND
2 1 43 171 558 AND
2 1 172 44 557 XOR
2 1 558 557 559 XOR
2 1 560 559 561 XOR
2 1 173 45 567 XOR
2 1 44 172 556 AND
2 1 43 171 562 AND
2 1 552 562 563 AND
2 1 44 172 555 AND
2 1 555 558 564 AND
2 1 563 564 565 AND
2 1 556 565 566 AND
2 1 567 566 568 XOR
2 1 566 567 574 AND
2 1 45 173 572 AND
2 1 174 46 571 XOR
2 1 572 571 573 XOR
2 1 574 573 575 XOR
2 1 175 47 581 XOR
2 1 46 174 570 AND
2 1 45 173 576 AND
2 1 566 576 577 AND
2 1 46 174 569 AND
2 1 569 572 578 AND
2 1 577 578 579 AND
2 1 570 579 580 AND
2 1 581 580 582 XOR
2 1 580 581 588 AND
2 1 47 175 586 AND
2 1 176 48 585 XOR
2 1 586 585 587 XOR
2 1 588 587 589 XOR
2 1 177 49 595 XOR
2 1 48 176 584 AND
2 1 47 175 590 AND
2 1 580 590 591 AND
2 1 48 176 583 AND
2 1 583 586 592 AND
2 1 591 592 593 AND
2 1 584 593 594 AND
2 1 595 594 596 XOR
2 1 594 595 602 AND
2 1 49 177 600 AND
2 1 178 50 599 XOR
2 1 600 599 601 XOR
2 1 602 601 603 XOR
2 1 179 51 609 XOR
2 1 50 178 598 AND
2 1 49 177 604 AND
2 1 594 604 605 AND
2 1 50 178 597 AND
2 1 597 600 606 AND
2 1 605 606 607 AND
2 1 598 607 608 AND
2 1 609 608 610 XOR
2 1 608 609 616 AND
2 1 51 179 614 AND
2 1 180 52 613 XOR
2 1 614 613 615 XOR
2 1 616 615 617 XOR
2 1 181 53 623 XOR
2 1 52 180 612 AND
2 1 51 179 618 AND
2 1 608 618 619 AND
2 1 52 180 611 AND
2 1 611 614 620 AND
2 1 619 620 621 AND
2 1 612 621 622 AND
2 1 623 622 624 XOR
2 1 622 623 630 AND
2 1 53 181 628 AND
2 1 182 54 627 XOR
2 1 628 627 629 XOR
2 1 630 629 631 XOR
2 1 183 55 637 XOR
2 1 54 182 626 AND
2 1 53 181 632 AND
2 1 622 632 633 AND
2 1 54 182 625 AND
2 1 625 628 634 AND
2 1 633 634 635 AND
2 1 626 635 636 AND
2 1 637 636 638 XOR
2 1 636 637 644 AND
2 1 55 183 642 AND
2 1 184 56 641 XOR
2 1 642 641 643 XOR
2 1 644 643 645 XOR
2 1 185 57 651 XOR
2 1 56 184 640 AND
2 1 55 183 646 AND
2 1 636 646 647 AND
2 1 56 184 639 AND
2 1 639 642 648 AND
2 1 647 648 649 AND
2 1 640 649 650 AND
2 1 651 650 652 XOR
2 1 650 651 658 AND
2 1 57 185 656 AND
2 1 186 58 655 XOR
2 1 656 655 657 XOR
2 1 658 657 659 XOR
2 1 187 59 665 XOR
2 1 58 186 654 AND
2 1 57 185 660 AND
2 1 650 660 661 AND
2 1 58 186 653 AND
2 1 653 656 662 AND
2 1 661 662 663 AND
2 1 654 663 664 AND
2 1 665 664 666 XOR
2 1 664 665 672 AND
2 1 59 187 670 AND
2 1 188 60 669 XOR
2 1 670 669 671 XOR
2 1 672 671 673 XOR
2 1 189 61 679 XOR
2 1 60 188 668 AND
2 1 59 187 674 AND
2 1 664 674 675 AND
2 1 60 188 667 AND
2 1 667 670 676 AND
2 1 675 676 677 AND
2 1 668 677 678 AND
2 1 679 678 680 XOR
2 1 678 679 686 AND
2 1 61 189 684 AND
2 1 190 62 683 XOR
2 1 684 683 685 XOR
2 1 686 685 687 XOR
2 1 191 63 693 XOR
2 1 62 190 682 AND
2 1 61 189 688 AND
2 1 678 688 689 AND
2 1 62 190 681 AND
2 1 681 684 690 AND
2 1 689 690 691 AND
2 1 682 691 692 AND
2 1 693 692 694 XOR
2 1 692 693 700 AND
2 1 63 191 698 AND
2 1 192 64 697 XOR
2 1 698 697 699 XOR
2 1 700 699 701 XOR
2 1 193 65 707 XOR
2 1 64 192 696 AND
2 1 63 191 702 AND
2 1 692 702 703 AND
2 1 64 192 695 AND
2 1 695 698 704 AND
2 1 703 704 705 AND
2 1 696 705 706 AND
2 1 707 706 708 XOR
2 1 706 707 714 AND
2 1 65 193 712 AND
2 1 194 66 711 XOR
2 1 712 711 713 XOR
2 1 714 713 715 XOR
2 1 195 67 721 XOR
2 1 66 194 710 AND
2 1 65 193 716 AND
2 1 706 716 717 AND
2 1 66 194 709 AND
2 1 709 712 718 AND
2 1 717 718 719 AND
2 1 710 719 720 AND
2 1 721 720 722 XOR
2 1 720 721 728 AND
2 1 67 195 726 AND
2 1 196 68 725 XOR
2 1 726 725 727 XOR
2 1 728 727 729 XOR
2 1 197 69 735 XOR
2 1 68 196 724 AND
2 1 67 195 730 AND
2 1 720 730 731 AND
2 1 68 196 723 AND
2 1 723 726 732 AND
2 1 731 732 733 AND
2 1 724 733 734 AND
2 1 735 734 736 XOR
2 1 734 735 742 AND
2 1 69 197 740 AND
2 1 198 70 739 XOR
2 1 740 739 741 XOR
2 1 742 741 743 XOR
2 1 199 71 749 XOR
2 1 70 198 738 AND
2 1 69 197 744 AND
2 1 734 744 745 AND
2 1 70 198 737 AND
2 1 737 740 746 AND
2 1 745 746 747 AND
2 1 738 747 748 AND
2 1 749 748 750 XOR
2 1 748 749 756 AND
2 1 71 199 754 AND
2 1 200 72 753 XOR
2 1 754 753 755 XOR
2 1 756 755 757 XOR
2 1 201 73 763 XOR
2 1 72 200 752 AND
2 1 71 199 758 AND
2 1 748 758 759 AND
2 1 72 200 751 AND
2 1 751 754 760 AND
2 1 759 760 761 AND
2 1 752 761 762 AND
2 1 763 762 764 XOR
2 1 762 763 770 AND
2 1 73 201 768 AND
2 1 202 74 767 XOR
2 1 768 767 769 XOR
2 1 770 769 771 XOR
2 1 203 75 777 XOR
2 1 74 202 766 AND
2 1 73 201 772 AND
2 1 762 772 773 AND
2 1 74 202 765 AND
2 1 765 768 774 AND
2 1 773 774 775 AND
2 1 766 775 776 AND
2 1 777 776 778 XOR
2 1 776 777 784 AND
2 1 75 203 782 AND
2 1 204 76 781 XOR
2 1 782 781 783 XOR
2 1 784 783 785 XOR
2 1 205 77 791 XOR
2 1 76 204 780 AND
2 1 75 203 786 AND
2 1 776 786 787 AND
2 1 76 204 779 AND
2 1 779 782 788 AND
2 1 787 788 789 AND
2 1 780 789 790 AND
2 1 791 790 792 XOR
2 1 790 791 798 AND
2 1 77 205 796 AND
2 1 206 78 795 XOR
2 1 796 795 797 XOR
2 1 798 797 799 XOR
2 1 207 79 805 XOR
2 1 78 206 794 AND
2 1 77 205 800 AND
2 1 790 800 801 AND
2 1 78 206 793 AND
2 1 793 796 802 AND
2 1 801 802 803 AND
2 1 794 803 804 AND
2 1 805 804 806 XOR
2 1 804 805 812 AND
2 1 79 207 810 AND
2 1 208 80 809 XOR
2 1 810 809 811 XOR
2 1 812 811 813 XOR
2 1 209 81 819 XOR
2 1 80 208 808 AND
2 1 79 207 814 AND
2 1 804 814 815 AND
2 1 80 208 807 AND
2 1 807 810 816 AND
2 1 815 816 817 AND
2 1 808 817 818 AND
2 1 819 818 820 XOR
2 1 818 819 826 AND
2 1 81 209 824 AND
2 1 210 82 823 XOR
2 1 824 823 825 XOR
2 1 826 825 827 XOR
2 1 211 83 833 XOR
2 1 82 210 822 AND
2 1 81 209 828 AND
2 1 818 828 829 AND
2 1 82 210 821 AND
2 1 821 824 830 AND
2 1 829 830 831 AND
2 1 822 831 832 AND
2 1 833 832 834 XOR
2 1 832 833 840 AND
2 1 83 211 838 AND
2 1 212 84 837 XOR
2 1 838 837 839 XOR
2 1 840 839 841 XOR
2 1 213 85 847 XOR
2 1 84 212 836 AND
2 1 83 211 842 AND
2 1 832 842 843 AND
2 1 84 212 835 AND
2 1 835 838 844 AND
2 1 843 844 845 AND
2 1 836 845 846 AND
2 1 847 846 848 XOR
2 1 846 847 854 AND
2 1 85 213 852 AND
2 1 214 86 851 XOR
2 1 852 851 853 XOR
2 1 854 853 855 XOR
2 1 215 87 861 XOR
2 1 86 214 850 AND
2 1 85 213 856 AND
2 1 846 856 857 AND
2 1 86 214 849 AND
2 1 849 852 858 AND
2 1 857 858 859 AND
2 1 850 859 860 AND
2 1 861 860 862 XOR
2 1 860 861 868 AND
2 1 87 215 866 AND
2 1 216 88 865 XOR
2 1 866 865 867 XOR
2 1 868 867 869 XOR
2 1 217 89 875 XOR
2 1 88 216 864 AND
2 1 87 215 870 AND
2 1 860 870 871 AND
2 1 88 216 863 AND
2 1 863 866 872 AND
2 1 871 872 873 AND
2 1 864 873 874 AND
2 1 875 874 876 XOR
2 1 874 875 882 AND
2 1 89 217 880 AND
2 1 218 90 879 XOR
2 1 880 879 881 XOR
2 1 882 881 883 XOR
2 1 219 91 889 XOR
2 1 90 218 878 AND
2 1 89 217 884 AND
2 1 874 884 885 AND
2 1 90 218 877 AND
2 1 877 880 886 AND
2 1 885 886 887 AND
2 1 878 887 888 AND
2 1 889 888 890 XOR
2 1 888 889 896 AND
2 1 91 219 894 AND
2 1 220 92 893 XOR
2 1 894 893 895 XOR
2 1 896 895 897 XOR
2 1 221 93 903 XOR
2 1 92 220 892 AND
2 1 91 219 898 AND
2 1 888 898 899 AND
2 1 92 220 891 AND
2 1 891 894 900 AND
2 1 899 900 901 AND
2 1 892 901 902 AND
2 1 903 902 904 XOR
2 1 902 903 910 AND
2 1 93 221 908 AND
2 1 222 94 907 XOR
2 1 908 907 909 XOR
2 1 910 909 911 XOR
2 1 223 95 917 XOR
2 1 94 222 906 AND
2 1 93 221 912 AND
2 1 902 912 913 AND
2 1 94 222 905 AND
2 1 905 908 914 AND
2 1 913 914 915 AND
2 1 906 915 916 AND
2 1 917 916 918 XOR
2 1 916 917 924 AND
2 1 95 223 922 AND
2 1 224 96 921 XOR
2 1 922 921 923 XOR
2 1 924 923 925 XOR
2 1 225 97 931 XOR
2 1 96 224 920 AND
2 1 95 223 926 AND
2 1 916 926 927 AND
2 1 96 224 919 AND
2 1 919 922 928 AND
2 1 927 928 929 AND
2 1 920 929 930 AND
2 1 931 930 932 XOR
2 1 930 931 938 AND
2 1 97 225 936 AND
2 1 226 98 935 XOR
2 1 936 935 937 XOR
2 1 938 937 939 XOR
2 1 227 99 945 XOR
2 1 98 226 934 AND
2 1 97 225 940 AND
2 1 930 940 941 AND
2 1 98 226 933 AND
2 1 933 936 942 AND
2 1 941 942 943 AND
2 1 934 943 944 AND
2 1 945 944 946 XOR
2 1 944 945 952 AND
2 1 99 227 950 AND
2 1 228 100 949 XOR
2 1 950 949 951 XOR
2 1 952 951 953 XOR
2 1 229 101 959 XOR
2 1 100 228 948 AND
2 1 99 227 954 AND
2 1 944 954 955 AND
2 1 100 228 947 AND
2 1 947 950 956 AND
2 1 955 956 957 AND
2 1 948 957 958 AND
2 1 959 958 960 XOR
2 1 958 959 966 AND
2 1 101 229 964 AND
2 1 230 102 963 XOR
2 1 964 963 965 XOR
2 1 966 965 967 XOR
2 1 231 103 973 XOR
2 1 102 230 962 AND
2 1 101 229 968 AND
2 1 958 968 969 AND
2 1 102 230 961 AND
2 1 961 964 970 AND
2 1 969 970 971 AND
2 1 962 971 972 AND
2 1 973 972 974 XOR
2 1 972 973 980 AND
2 1 103 231 978 AND
2 1 232 104 977 XOR
2 1 978 977 979 XOR
2 1 980 979 981 XOR
2 1 233 105 987 XOR
2 1 104 232 976 AND
2 1 103 231 982 AND
2 1 972 982 983 AND
2 1 104 232 975 AND
2 1 975 978 984 AND
2 1 983 984 985 AND
2 1 976 985 986 AND
2 1 987 986 988 XOR
2 1 986 987 994 AND
2 1 105 233 992 AND
2 1 234 106 991 XOR
2 1 992 991 993 XOR
2 1 994 993 995 XOR
2 1 235 107 1001 XOR
2 1 106 234 990 AND
2 1 105 233 996 AND
2 1 986 996 997 AND
2 1 106 234 989 AND
2 1 989 992 998 AND
2 1 997 998 999 AND
2 1 990 999 1000 AND
2 1 1001 1000 1002 XOR
2 1 1000 1001 1008 AND
2 1 107 235 1006 AND
2 1 236 108 1005 XOR
2 1 1006 1005 1007 XOR
2 1 1008 1007 1009 XOR
2 1 237 109 1015 XOR
2 1 108 236 1004 AND
2 1 107 235 1010 AND
2 1 1000 1010 1011 AND
2 1 108 236 1003 AND
2 1 1003 1006 1012 AND
2 1 1011 1012 1013 AND
2 1 1004 1013 1014 AND
2 1 1015 1014 1016 XOR
2 1 1014 1015 1022 AND
2 1 109 237 1020 AND
2 1 238 110 1019 XOR
2 1 1020 1019 1021 XOR
2 1 1022 1021 1023 XOR
2 1 239 111 1029 XOR
2 1 110 238 1018 AND
2 1 109 237 1024 AND
2 1 1014 1024 1025 AND
2 1 110 238 1017 AND
2 1 1017 1020 1026 AND
2 1 1025 1026 1027 AND
2 1 1018 1027 1028 AND
2 1 1029 1028 1030 XOR
2 1 1028 1029 1036 AND
2 1 111 239 1034 AND
2 1 240 112 1033 XOR
2 1 1034 1033 1035 XOR
2 1 1036 1035 1037 XOR
2 1 241 113 1043 XOR
2 1 112 240 1032 AND
2 1 111 239 1038 AND
2 1 1028 1038 1039 AND
2 1 112 240 1031 AND
2 1 1031 1034 1040 AND
2 1 1039 1040 1041 AND
2 1 1032 1041 1042 AND
2 1 1043 1042 1044 XOR
2 1 1042 1043 1050 AND
2 1 113 241 1048 AND
2 1 242 114 1047 XOR
2 1 1048 1047 1049 XOR
2 1 1050 1049 1051 XOR
2 1 243 115 1057 XOR
2 1 114 242 1046 AND
2 1 113 241 1052 AND
2 1 1042 1052 1053 AND
2 1 114 242 1045 AND
2 1 1045 1048 1054 AND
2 1 1053 1054 1055 AND
2 1 1046 1055 1056 AND
2 1 1057 1056 1058 XOR
2 1 1056 1057 1064 AND
2 1 115 243 1062 AND
2 1 244 116 1061 XOR
2 1 1062 1061 1063 XOR
2 1 1064 1063 1065 XOR
2 1 245 117 1071 XOR
2 1 116 244 1060 AND
2 1 115 243 1066 AND
2 1 1056 1066 1067 AND
2 1 116 244 1059 AND
2 1 1059 1062 1068 AND
2 1 1067 1068 1069 AND
2 1 1060 1069 1070 AND
2 1 1071 1070 1072 XOR
2 1 1070 1071 1078 AND
2 1 117 245 1076 AND
2 1 246 118 1075 XOR
2 1 1076 1075 1077 XOR
2 1 1078 1077 1079 XOR
2 1 247 119 1085 XOR
2 1 118 246 1074 AND
2 1 117 245 1080 AND
2 1 1070 1080 1081 AND
2 1 118 246 1073 AND
2 1 1073 1076 1082 AND
2 1 1081 1082 1083 AND
2 1 1074 1083 1084 AND
2 1 1085 1084 1086 XOR
2 1 1084 1085 1092 AND
2 1 119 247 1090 AND
2 1 248 120 1089 XOR
2 1 1090 1089 1091 XOR
2 1 1092 1091 1093 XOR
2 1 249 121 1099 XOR
2 1 120 248 1088 AND
2 1 119 247 1094 AND
2 1 1084 1094 1095 AND
2 1 120 248 1087 AND
2 1 1087 1090 1096 AND
2 1 1095 1096 1097 AND
2 1 1088 1097 1098 AND
2 1 1099 1098 1100 XOR
2 1 1098 1099 1106 AND
2 1 121 249 1104 AND
2 1 250 122 1103 XOR
2 1 1104 1103 1105 XOR
2 1 1106 1105 1107 XOR
2 1 251 123 1113 XOR
2 1 122 250 1102 AND
2 1 121 249 1108 AND
2 1 1098 1108 1109 AND
2 1 122 250 1101 AND
2 1 1101 1104 1110 AND
2 1 1109 1110 1111 AND
2 1 1102 1111 1112 AND
2 1 1113 1112 1114 XOR
2 1 1112 1113 1120 AND
2 1 123 251 1118 AND
2 1 252 124 1117 XOR
2 1 1118 1117 1119 XOR
2 1 1120 1119 1121 XOR
2 1 253 125 1127 XOR
2 1 124 252 1116 AND
2 1 123 251 1122 AND
2 1 1112 1122 1123 AND
2 1 124 252 1115 AND
2 1 1115 1118 1124 AND
2 1 1123 1124 1125 AND
2 1 1116 1125 1126 AND
2 1 1127 1126 1128 XOR
2 1 1126 1127 1134 AND
2 1 125 253 1132 AND
2 1 254 126 1131 XOR
2 1 1132 1131 1133 XOR
2 1 1134 1133 1135 XOR
2 1 255 127 1143 XOR
2 1 126 254 1130 AND
2 1 125 253 1136 AND
2 1 1126 1136 1137 AND
2 1 126 254 1129 AND
2 1 1129 1132 1138 AND
2 1 1137 1138 1139 AND
2 1 1130 1139 1140 AND
2 1 1143 1140 1144 XOR
2 1 127 255 1142 AND
2 1 127 255 1141 AND
2 1 1140 1141 1145 AND
2 1 1142 1145 1146 AND