2 1 77 128 136 AND
2 1 78 128 137 AND
2 1 136 137 138 AND
2 1 129 138 139 AND
2 1 80 128 140 AND
2 1 79 128 141 AND
2 1 140 141 142 AND
2 1 129 142 143 AND
2 1 139 143 144 AND
2 1 130 131 145 AND
2 1 144 145 146 AND
2 1 73 128 147 AND
2 1 74 128 148 AND
2 1 147 148 149 AND
2 1 129 149 150 AND
2 1 76 128 151 AND
2 1 75 128 152 AND
2 1 151 152 153 AND
2 1 129 153 154 AND
2 1 150 154 155 AND
2 1 130 131 156 AND
2 1 155 156 157 AND
2 1 146 157 158 AND
2 1 65 128 159 AND
2 1 66 128 160 AND
2 1 159 160 161 AND
2 1 129 161 162 AND
2 1 68 128 163 AND
2 1 67 128 164 AND
2 1 163 164 165 AND
2 1 129 165 166 AND
2 1 162 166 167 AND
2 1 130 131 168 AND
2 1 167 168 169 AND
2 1 69 128 170 AND
2 1 70 128 171 AND
2 1 170 171 172 AND
2 1 129 172 173 AND
2 1 72 128 174 AND
2 1 71 128 175 AND
2 1 174 175 176 AND
2 1 129 176 177 AND
2 1 173 177 178 AND
2 1 130 131 179 AND
2 1 178 179 180 AND
2 1 169 180 181 AND
2 1 158 181 182 AND
2 1 132 133 183 AND
2 1 182 183 184 AND
2 1 93 128 185 AND
2 1 94 128 186 AND
2 1 185 186 187 AND
2 1 129 187 188 AND
2 1 96 128 189 AND
2 1 95 128 190 AND
2 1 189 190 191 AND
2 1 129 191 192 AND
2 1 188 192 193 AND
2 1 145 193 194 AND
2 1 89 128 195 AND
2 1 90 128 196 AND
2 1 195 196 197 AND
2 1 129 197 198 AND
2 1 92 128 199 AND
2 1 91 128 200 AND
2 1 199 200 201 AND
2 1 129 201 202 AND
2 1 198 202 203 AND
2 1 156 203 204 AND
2 1 194 204 205 AND
2 1 81 128 206 AND
2 1 82 128 207 AND
2 1 206 207 208 AND
2 1 129 208 209 AND
2 1 84 128 210 AND
2 1 83 128 211 AND
2 1 210 211 212 AND
2 1 129 212 213 AND
2 1 209 213 214 AND
2 1 168 214 215 AND
2 1 85 128 216 AND
2 1 86 128 217 AND
2 1 216 217 218 AND
2 1 129 218 219 AND
2 1 88 128 220 AND
2 1 87 128 221 AND
2 1 220 221 222 AND
2 1 129 222 223 AND
2 1 219 223 224 AND
2 1 179 224 225 AND
2 1 215 225 226 AND
2 1 205 226 227 AND
2 1 132 133 228 AND
2 1 227 228 229 AND
2 1 184 229 230 AND
2 1 125 128 231 AND
2 1 126 128 232 AND
2 1 231 232 233 AND
2 1 129 233 234 AND
2 1 0 128 235 AND
2 1 127 128 236 AND
2 1 235 236 237 AND
2 1 129 237 238 AND
2 1 234 238 239 AND
2 1 145 239 240 AND
2 1 121 128 241 AND
2 1 122 128 242 AND
2 1 241 242 243 AND
2 1 129 243 244 AND
2 1 124 128 245 AND
2 1 123 128 246 AND
2 1 245 246 247 AND
2 1 129 247 248 AND
2 1 244 248 249 AND
2 1 156 249 250 AND
2 1 240 250 251 AND
2 1 113 128 252 AND
2 1 114 128 253 AND
2 1 252 253 254 AND
2 1 129 254 255 AND
2 1 116 128 256 AND
2 1 115 128 257 AND
2 1 256 257 258 AND
2 1 129 258 259 AND
2 1 255 259 260 AND
2 1 168 260 261 AND
2 1 117 128 262 AND
2 1 118 128 263 AND
2 1 262 263 264 AND
2 1 129 264 265 AND
2 1 120 128 266 AND
2 1 119 128 267 AND
2 1 266 267 268 AND
2 1 129 268 269 AND
2 1 265 269 270 AND
2 1 179 270 271 AND
2 1 261 271 272 AND
2 1 251 272 273 AND
2 1 132 133 274 AND
2 1 273 274 275 AND
2 1 109 128 276 AND
2 1 110 128 277 AND
2 1 276 277 278 AND
2 1 129 278 279 AND
2 1 112 128 280 AND
2 1 111 128 281 AND
2 1 280 281 282 AND
2 1 129 282 283 AND
2 1 279 283 284 AND
2 1 145 284 285 AND
2 1 105 128 286 AND
2 1 106 128 287 AND
2 1 286 287 288 AND
2 1 129 288 289 AND
2 1 108 128 290 AND
2 1 107 128 291 AND
2 1 290 291 292 AND
2 1 129 292 293 AND
2 1 289 293 294 AND
2 1 156 294 295 AND
2 1 285 295 296 AND
2 1 97 128 297 AND
2 1 98 128 298 AND
2 1 297 298 299 AND
2 1 129 299 300 AND
2 1 100 128 301 AND
2 1 99 128 302 AND
2 1 301 302 303 AND
2 1 129 303 304 AND
2 1 300 304 305 AND
2 1 168 305 306 AND
2 1 101 128 307 AND
2 1 102 128 308 AND
2 1 307 308 309 AND
2 1 129 309 310 AND
2 1 104 128 311 AND
2 1 103 128 312 AND
2 1 311 312 313 AND
2 1 129 313 314 AND
2 1 310 314 315 AND
2 1 179 315 316 AND
2 1 306 316 317 AND
2 1 296 317 318 AND
2 1 132 133 319 AND
2 1 318 319 320 AND
2 1 275 320 321 AND
2 1 230 321 322 AND
2 1 134 322 323 AND
2 1 13 128 324 AND
2 1 14 128 325 AND
2 1 324 325 326 AND
2 1 129 326 327 AND
2 1 16 128 328 AND
2 1 15 128 329 AND
2 1 328 329 330 AND
2 1 129 330 331 AND
2 1 327 331 332 AND
2 1 145 332 333 AND
2 1 9 128 334 AND
2 1 10 128 335 AND
2 1 334 335 336 AND
2 1 129 336 337 AND
2 1 12 128 338 AND
2 1 11 128 339 AND
2 1 338 339 340 AND
2 1 129 340 341 AND
2 1 337 341 342 AND
2 1 156 342 343 AND
2 1 333 343 344 AND
2 1 1 128 345 AND
2 1 2 128 346 AND
2 1 345 346 347 AND
2 1 129 347 348 AND
2 1 4 128 349 AND
2 1 3 128 350 AND
2 1 349 350 351 AND
2 1 129 351 352 AND
2 1 348 352 353 AND
2 1 168 353 354 AND
2 1 5 128 355 AND
2 1 6 128 356 AND
2 1 355 356 357 AND
2 1 129 357 358 AND
2 1 8 128 359 AND
2 1 7 128 360 AND
2 1 359 360 361 AND
2 1 129 361 362 AND
2 1 358 362 363 AND
2 1 179 363 364 AND
2 1 354 364 365 AND
2 1 344 365 366 AND
2 1 183 366 367 AND
2 1 29 128 368 AND
2 1 30 128 369 AND
2 1 368 369 370 AND
2 1 129 370 371 AND
2 1 32 128 372 AND
2 1 31 128 373 AND
2 1 372 373 374 AND
2 1 129 374 375 AND
2 1 371 375 376 AND
2 1 145 376 377 AND
2 1 25 128 378 AND
2 1 26 128 379 AND
2 1 378 379 380 AND
2 1 129 380 381 AND
2 1 28 128 382 AND
2 1 27 128 383 AND
2 1 382 383 384 AND
2 1 129 384 385 AND
2 1 381 385 386 AND
2 1 156 386 387 AND
2 1 377 387 388 AND
2 1 17 128 389 AND
2 1 18 128 390 AND
2 1 389 390 391 AND
2 1 129 391 392 AND
2 1 20 128 393 AND
2 1 19 128 394 AND
2 1 393 394 395 AND
2 1 129 395 396 AND
2 1 392 396 397 AND
2 1 168 397 398 AND
2 1 21 128 399 AND
2 1 22 128 400 AND
2 1 399 400 401 AND
2 1 129 401 402 AND
2 1 24 128 403 AND
2 1 23 128 404 AND
2 1 403 404 405 AND
2 1 129 405 406 AND
2 1 402 406 407 AND
2 1 179 407 408 AND
2 1 398 408 409 AND
2 1 388 409 410 AND
2 1 228 410 411 AND
2 1 367 411 412 AND
2 1 61 128 413 AND
2 1 62 128 414 AND
2 1 413 414 415 AND
2 1 129 415 416 AND
2 1 64 128 417 AND
2 1 63 128 418 AND
2 1 417 418 419 AND
2 1 129 419 420 AND
2 1 416 420 421 AND
2 1 145 421 422 AND
2 1 57 128 423 AND
2 1 58 128 424 AND
2 1 423 424 425 AND
2 1 129 425 426 AND
2 1 60 128 427 AND
2 1 59 128 428 AND
2 1 427 428 429 AND
2 1 129 429 430 AND
2 1 426 430 431 AND
2 1 156 431 432 AND
2 1 422 432 433 AND
2 1 49 128 434 AND
2 1 50 128 435 AND
2 1 434 435 436 AND
2 1 129 436 437 AND
2 1 52 128 438 AND
2 1 51 128 439 AND
2 1 438 439 440 AND
2 1 129 440 441 AND
2 1 437 441 442 AND
2 1 168 442 443 AND
2 1 53 128 444 AND
2 1 54 128 445 AND
2 1 444 445 446 AND
2 1 129 446 447 AND
2 1 56 128 448 AND
2 1 55 128 449 AND
2 1 448 449 450 AND
2 1 129 450 451 AND
2 1 447 451 452 AND
2 1 179 452 453 AND
2 1 443 453 454 AND
2 1 433 454 455 AND
2 1 274 455 456 AND
2 1 45 128 457 AND
2 1 46 128 458 AND
2 1 457 458 459 AND
2 1 129 459 460 AND
2 1 48 128 461 AND
2 1 47 128 462 AND
2 1 461 462 463 AND
2 1 129 463 464 AND
2 1 460 464 465 AND
2 1 145 465 466 AND
2 1 41 128 467 AND
2 1 42 128 468 AND
2 1 467 468 469 AND
2 1 129 469 470 AND
2 1 44 128 471 AND
2 1 43 128 472 AND
2 1 471 472 473 AND
2 1 129 473 474 AND
2 1 470 474 475 AND
2 1 156 475 476 AND
2 1 466 476 477 AND
2 1 33 128 478 AND
2 1 34 128 479 AND
2 1 478 479 480 AND
2 1 129 480 481 AND
2 1 36 128 482 AND
2 1 35 128 483 AND
2 1 482 483 484 AND
2 1 129 484 485 AND
2 1 481 485 486 AND
2 1 168 486 487 AND
2 1 40 128 488 AND
2 1 129 488 489 AND
2 1 37 128 490 AND
2 1 129 490 491 AND
2 1 489 491 492 AND
2 1 39 128 493 AND
2 1 129 493 494 AND
2 1 38 128 495 AND
2 1 129 495 496 AND
2 1 494 496 497 AND
2 1 492 497 498 AND
2 1 179 498 499 AND
2 1 487 499 500 AND
2 1 477 500 501 AND
2 1 319 501 502 AND
2 1 456 502 503 AND
2 1 412 503 504 AND
2 1 134 504 505 AND
2 1 323 505 506 AND
2 1 81 128 507 AND
2 1 129 507 508 AND
2 1 78 128 509 AND
2 1 129 509 510 AND
2 1 508 510 511 AND
2 1 80 128 512 AND
2 1 129 512 513 AND
2 1 79 128 514 AND
2 1 129 514 515 AND
2 1 513 515 516 AND
2 1 511 516 517 AND
2 1 145 517 518 AND
2 1 77 128 519 AND
2 1 129 519 520 AND
2 1 74 128 521 AND
2 1 129 521 522 AND
2 1 520 522 523 AND
2 1 76 128 524 AND
2 1 129 524 525 AND
2 1 75 128 526 AND
2 1 129 526 527 AND
2 1 525 527 528 AND
2 1 523 528 529 AND
2 1 156 529 530 AND
2 1 518 530 531 AND
2 1 69 128 532 AND
2 1 129 532 533 AND
2 1 66 128 534 AND
2 1 129 534 535 AND
2 1 533 535 536 AND
2 1 68 128 537 AND
2 1 129 537 538 AND
2 1 67 128 539 AND
2 1 129 539 540 AND
2 1 538 540 541 AND
2 1 536 541 542 AND
2 1 168 542 543 AND
2 1 73 128 544 AND
2 1 129 544 545 AND
2 1 70 128 546 AND
2 1 129 546 547 AND
2 1 545 547 548 AND
2 1 72 128 549 AND
2 1 129 549 550 AND
2 1 71 128 551 AND
2 1 129 551 552 AND
2 1 550 552 553 AND
2 1 548 553 554 AND
2 1 179 554 555 AND
2 1 543 555 556 AND
2 1 531 556 557 AND
2 1 183 557 558 AND
2 1 97 128 559 AND
2 1 129 559 560 AND
2 1 94 128 561 AND
2 1 129 561 562 AND
2 1 560 562 563 AND
2 1 96 128 564 AND
2 1 129 564 565 AND
2 1 95 128 566 AND
2 1 129 566 567 AND
2 1 565 567 568 AND
2 1 563 568 569 AND
2 1 145 569 570 AND
2 1 93 128 571 AND
2 1 129 571 572 AND
2 1 90 128 573 AND
2 1 129 573 574 AND
2 1 572 574 575 AND
2 1 92 128 576 AND
2 1 129 576 577 AND
2 1 91 128 578 AND
2 1 129 578 579 AND
2 1 577 579 580 AND
2 1 575 580 581 AND
2 1 156 581 582 AND
2 1 570 582 583 AND
2 1 85 128 584 AND
2 1 129 584 585 AND
2 1 82 128 586 AND
2 1 129 586 587 AND
2 1 585 587 588 AND
2 1 84 128 589 AND
2 1 129 589 590 AND
2 1 83 128 591 AND
2 1 129 591 592 AND
2 1 590 592 593 AND
2 1 588 593 594 AND
2 1 168 594 595 AND
2 1 89 128 596 AND
2 1 129 596 597 AND
2 1 86 128 598 AND
2 1 129 598 599 AND
2 1 597 599 600 AND
2 1 88 128 601 AND
2 1 129 601 602 AND
2 1 87 128 603 AND
2 1 129 603 604 AND
2 1 602 604 605 AND
2 1 600 605 606 AND
2 1 179 606 607 AND
2 1 595 607 608 AND
2 1 583 608 609 AND
2 1 228 609 610 AND
2 1 558 610 611 AND
2 1 1 128 612 AND
2 1 129 612 613 AND
2 1 126 128 614 AND
2 1 129 614 615 AND
2 1 613 615 616 AND
2 1 0 128 617 AND
2 1 129 617 618 AND
2 1 127 128 619 AND
2 1 129 619 620 AND
2 1 618 620 621 AND
2 1 616 621 622 AND
2 1 145 622 623 AND
2 1 125 128 624 AND
2 1 129 624 625 AND
2 1 122 128 626 AND
2 1 129 626 627 AND
2 1 625 627 628 AND
2 1 124 128 629 AND
2 1 129 629 630 AND
2 1 123 128 631 AND
2 1 129 631 632 AND
2 1 630 632 633 AND
2 1 628 633 634 AND
2 1 156 634 635 AND
2 1 623 635 636 AND
2 1 117 128 637 AND
2 1 129 637 638 AND
2 1 114 128 639 AND
2 1 129 639 640 AND
2 1 638 640 641 AND
2 1 116 128 642 AND
2 1 129 642 643 AND
2 1 115 128 644 AND
2 1 129 644 645 AND
2 1 643 645 646 AND
2 1 641 646 647 AND
2 1 168 647 648 AND
2 1 121 128 649 AND
2 1 129 649 650 AND
2 1 118 128 651 AND
2 1 129 651 652 AND
2 1 650 652 653 AND
2 1 120 128 654 AND
2 1 129 654 655 AND
2 1 119 128 656 AND
2 1 129 656 657 AND
2 1 655 657 658 AND
2 1 653 658 659 AND
2 1 179 659 660 AND
2 1 648 660 661 AND
2 1 636 661 662 AND
2 1 274 662 663 AND
2 1 113 128 664 AND
2 1 129 664 665 AND
2 1 110 128 666 AND
2 1 129 666 667 AND
2 1 665 667 668 AND
2 1 112 128 669 AND
2 1 129 669 670 AND
2 1 111 128 671 AND
2 1 129 671 672 AND
2 1 670 672 673 AND
2 1 668 673 674 AND
2 1 145 674 675 AND
2 1 109 128 676 AND
2 1 129 676 677 AND
2 1 106 128 678 AND
2 1 129 678 679 AND
2 1 677 679 680 AND
2 1 108 128 681 AND
2 1 129 681 682 AND
2 1 107 128 683 AND
2 1 129 683 684 AND
2 1 682 684 685 AND
2 1 680 685 686 AND
2 1 156 686 687 AND
2 1 675 687 688 AND
2 1 101 128 689 AND
2 1 129 689 690 AND
2 1 98 128 691 AND
2 1 129 691 692 AND
2 1 690 692 693 AND
2 1 100 128 694 AND
2 1 129 694 695 AND
2 1 99 128 696 AND
2 1 129 696 697 AND
2 1 695 697 698 AND
2 1 693 698 699 AND
2 1 168 699 700 AND
2 1 105 128 701 AND
2 1 129 701 702 AND
2 1 102 128 703 AND
2 1 129 703 704 AND
2 1 702 704 705 AND
2 1 104 128 706 AND
2 1 129 706 707 AND
2 1 103 128 708 AND
2 1 129 708 709 AND
2 1 707 709 710 AND
2 1 705 710 711 AND
2 1 179 711 712 AND
2 1 700 712 713 AND
2 1 688 713 714 AND
2 1 319 714 715 AND
2 1 663 715 716 AND
2 1 611 716 717 AND
2 1 134 717 718 AND
2 1 65 128 719 AND
2 1 129 719 720 AND
2 1 62 128 721 AND
2 1 129 721 722 AND
2 1 720 722 723 AND
2 1 64 128 724 AND
2 1 129 724 725 AND
2 1 63 128 726 AND
2 1 129 726 727 AND
2 1 725 727 728 AND
2 1 723 728 729 AND
2 1 145 729 730 AND
2 1 61 128 731 AND
2 1 129 731 732 AND
2 1 58 128 733 AND
2 1 129 733 734 AND
2 1 732 734 735 AND
2 1 60 128 736 AND
2 1 129 736 737 AND
2 1 59 128 738 AND
2 1 129 738 739 AND
2 1 737 739 740 AND
2 1 735 740 741 AND
2 1 156 741 742 AND
2 1 730 742 743 AND
2 1 53 128 744 AND
2 1 129 744 745 AND
2 1 50 128 746 AND
2 1 129 746 747 AND
2 1 745 747 748 AND
2 1 52 128 749 AND
2 1 129 749 750 AND
2 1 51 128 751 AND
2 1 129 751 752 AND
2 1 750 752 753 AND
2 1 748 753 754 AND
2 1 168 754 755 AND
2 1 57 128 756 AND
2 1 129 756 757 AND
2 1 54 128 758 AND
2 1 129 758 759 AND
2 1 757 759 760 AND
2 1 56 128 761 AND
2 1 129 761 762 AND
2 1 55 128 763 AND
2 1 129 763 764 AND
2 1 762 764 765 AND
2 1 760 765 766 AND
2 1 179 766 767 AND
2 1 755 767 768 AND
2 1 743 768 769 AND
2 1 274 769 770 AND
2 1 17 128 771 AND
2 1 129 771 772 AND
2 1 14 128 773 AND
2 1 129 773 774 AND
2 1 772 774 775 AND
2 1 16 128 776 AND
2 1 129 776 777 AND
2 1 15 128 778 AND
2 1 129 778 779 AND
2 1 777 779 780 AND
2 1 775 780 781 AND
2 1 145 781 782 AND
2 1 13 128 783 AND
2 1 129 783 784 AND
2 1 10 128 785 AND
2 1 129 785 786 AND
2 1 784 786 787 AND
2 1 12 128 788 AND
2 1 129 788 789 AND
2 1 11 128 790 AND
2 1 129 790 791 AND
2 1 789 791 792 AND
2 1 787 792 793 AND
2 1 156 793 794 AND
2 1 782 794 795 AND
2 1 5 128 796 AND
2 1 129 796 797 AND
2 1 2 128 798 AND
2 1 129 798 799 AND
2 1 797 799 800 AND
2 1 4 128 801 AND
2 1 129 801 802 AND
2 1 3 128 803 AND
2 1 129 803 804 AND
2 1 802 804 805 AND
2 1 800 805 806 AND
2 1 168 806 807 AND
2 1 9 128 808 AND
2 1 129 808 809 AND
2 1 6 128 810 AND
2 1 129 810 811 AND
2 1 809 811 812 AND
2 1 8 128 813 AND
2 1 129 813 814 AND
2 1 7 128 815 AND
2 1 129 815 816 AND
2 1 814 816 817 AND
2 1 812 817 818 AND
2 1 179 818 819 AND
2 1 807 819 820 AND
2 1 795 820 821 AND
2 1 183 821 822 AND
2 1 770 822 823 AND
2 1 49 128 824 AND
2 1 129 824 825 AND
2 1 46 128 826 AND
2 1 129 826 827 AND
2 1 825 827 828 AND
2 1 48 128 829 AND
2 1 129 829 830 AND
2 1 47 128 831 AND
2 1 129 831 832 AND
2 1 830 832 833 AND
2 1 828 833 834 AND
2 1 145 834 835 AND
2 1 42 128 836 AND
2 1 43 128 837 AND
2 1 836 837 838 AND
2 1 129 838 839 AND
2 1 45 128 840 AND
2 1 44 128 841 AND
2 1 840 841 842 AND
2 1 129 842 843 AND
2 1 839 843 844 AND
2 1 156 844 845 AND
2 1 835 845 846 AND
2 1 37 128 847 AND
2 1 129 847 848 AND
2 1 34 128 849 AND
2 1 129 849 850 AND
2 1 848 850 851 AND
2 1 36 128 852 AND
2 1 129 852 853 AND
2 1 35 128 854 AND
2 1 129 854 855 AND
2 1 853 855 856 AND
2 1 851 856 857 AND
2 1 168 857 858 AND
2 1 41 128 859 AND
2 1 40 128 860 AND
2 1 859 860 861 AND
2 1 129 861 862 AND
2 1 39 128 863 AND
2 1 38 128 864 AND
2 1 863 864 865 AND
2 1 129 865 866 AND
2 1 862 866 867 AND
2 1 179 867 868 AND
2 1 858 868 869 AND
2 1 846 869 870 AND
2 1 319 870 871 AND
2 1 33 128 872 AND
2 1 129 872 873 AND
2 1 30 128 874 AND
2 1 129 874 875 AND
2 1 873 875 876 AND
2 1 32 128 877 AND
2 1 129 877 878 AND
2 1 31 128 879 AND
2 1 129 879 880 AND
2 1 878 880 881 AND
2 1 876 881 882 AND
2 1 145 882 883 AND
2 1 29 128 884 AND
2 1 129 884 885 AND
2 1 26 128 886 AND
2 1 129 886 887 AND
2 1 885 887 888 AND
2 1 28 128 889 AND
2 1 129 889 890 AND
2 1 27 128 891 AND
2 1 129 891 892 AND
2 1 890 892 893 AND
2 1 888 893 894 AND
2 1 156 894 895 AND
2 1 883 895 896 AND
2 1 21 128 897 AND
2 1 129 897 898 AND
2 1 18 128 899 AND
2 1 129 899 900 AND
2 1 898 900 901 AND
2 1 20 128 902 AND
2 1 129 902 903 AND
2 1 19 128 904 AND
2 1 129 904 905 AND
2 1 903 905 906 AND
2 1 901 906 907 AND
2 1 168 907 908 AND
2 1 25 128 909 AND
2 1 129 909 910 AND
2 1 22 128 911 AND
2 1 129 911 912 AND
2 1 910 912 913 AND
2 1 24 128 914 AND
2 1 129 914 915 AND
2 1 23 128 916 AND
2 1 129 916 917 AND
2 1 915 917 918 AND
2 1 913 918 919 AND
2 1 179 919 920 AND
2 1 908 920 921 AND
2 1 896 921 922 AND
2 1 228 922 923 AND
2 1 871 923 924 AND
2 1 823 924 925 AND
2 1 134 925 926 AND
2 1 718 926 927 AND
2 1 129 208 928 AND
2 1 129 142 929 AND
2 1 928 929 930 AND
2 1 145 930 931 AND
2 1 129 138 932 AND
2 1 129 153 933 AND
2 1 932 933 934 AND
2 1 156 934 935 AND
2 1 931 935 936 AND
2 1 129 172 937 AND
2 1 129 165 938 AND
2 1 937 938 939 AND
2 1 168 939 940 AND
2 1 129 149 941 AND
2 1 129 176 942 AND
2 1 941 942 943 AND
2 1 179 943 944 AND
2 1 940 944 945 AND
2 1 936 945 946 AND
2 1 183 946 947 AND
2 1 129 299 948 AND
2 1 129 191 949 AND
2 1 948 949 950 AND
2 1 145 950 951 AND
2 1 129 187 952 AND
2 1 129 201 953 AND
2 1 952 953 954 AND
2 1 156 954 955 AND
2 1 951 955 956 AND
2 1 129 218 957 AND
2 1 129 212 958 AND
2 1 957 958 959 AND
2 1 168 959 960 AND
2 1 129 197 961 AND
2 1 129 222 962 AND
2 1 961 962 963 AND
2 1 179 963 964 AND
2 1 960 964 965 AND
2 1 956 965 966 AND
2 1 228 966 967 AND
2 1 947 967 968 AND
2 1 129 347 969 AND
2 1 129 237 970 AND
2 1 969 970 971 AND
2 1 145 971 972 AND
2 1 129 233 973 AND
2 1 129 247 974 AND
2 1 973 974 975 AND
2 1 156 975 976 AND
2 1 972 976 977 AND
2 1 129 264 978 AND
2 1 129 258 979 AND
2 1 978 979 980 AND
2 1 168 980 981 AND
2 1 129 243 982 AND
2 1 129 268 983 AND
2 1 982 983 984 AND
2 1 179 984 985 AND
2 1 981 985 986 AND
2 1 977 986 987 AND
2 1 274 987 988 AND
2 1 129 254 989 AND
2 1 129 282 990 AND
2 1 989 990 991 AND
2 1 145 991 992 AND
2 1 129 278 993 AND
2 1 129 292 994 AND
2 1 993 994 995 AND
2 1 156 995 996 AND
2 1 992 996 997 AND
2 1 129 309 998 AND
2 1 129 303 999 AND
2 1 998 999 1000 AND
2 1 168 1000 1001 AND
2 1 129 288 1002 AND
2 1 129 313 1003 AND
2 1 1002 1003 1004 AND
2 1 179 1004 1005 AND
2 1 1001 1005 1006 AND
2 1 997 1006 1007 AND
2 1 319 1007 1008 AND
2 1 988 1008 1009 AND
2 1 968 1009 1010 AND
2 1 134 1010 1011 AND
2 1 129 161 1012 AND
2 1 129 419 1013 AND
2 1 1012 1013 1014 AND
2 1 145 1014 1015 AND
2 1 129 415 1016 AND
2 1 129 429 1017 AND
2 1 1016 1017 1018 AND
2 1 156 1018 1019 AND
2 1 1015 1019 1020 AND
2 1 129 446 1021 AND
2 1 129 440 1022 AND
2 1 1021 1022 1023 AND
2 1 168 1023 1024 AND
2 1 129 425 1025 AND
2 1 129 450 1026 AND
2 1 1025 1026 1027 AND
2 1 179 1027 1028 AND
2 1 1024 1028 1029 AND
2 1 1020 1029 1030 AND
2 1 274 1030 1031 AND
2 1 129 391 1032 AND
2 1 129 330 1033 AND
2 1 1032 1033 1034 AND
2 1 145 1034 1035 AND
2 1 129 326 1036 AND
2 1 129 340 1037 AND
2 1 1036 1037 1038 AND
2 1 156 1038 1039 AND
2 1 1035 1039 1040 AND
2 1 129 357 1041 AND
2 1 129 351 1042 AND
2 1 1041 1042 1043 AND
2 1 168 1043 1044 AND
2 1 129 336 1045 AND
2 1 129 361 1046 AND
2 1 1045 1046 1047 AND
2 1 179 1047 1048 AND
2 1 1044 1048 1049 AND
2 1 1040 1049 1050 AND
2 1 183 1050 1051 AND
2 1 1031 1051 1052 AND
2 1 129 436 1053 AND
2 1 129 463 1054 AND
2 1 1053 1054 1055 AND
2 1 145 1055 1056 AND
2 1 129 473 1057 AND
2 1 129 459 1058 AND
2 1 1057 1058 1059 AND
2 1 156 1059 1060 AND
2 1 1056 1060 1061 AND
2 1 490 495 1062 AND
2 1 129 1062 1063 AND
2 1 129 484 1064 AND
2 1 1063 1064 1065 AND
2 1 168 1065 1066 AND
2 1 129 469 1067 AND
2 1 488 493 1068 AND
2 1 129 1068 1069 AND
2 1 1067 1069 1070 AND
2 1 179 1070 1071 AND
2 1 1066 1071 1072 AND
2 1 1061 1072 1073 AND
2 1 319 1073 1074 AND
2 1 129 480 1075 AND
2 1 129 374 1076 AND
2 1 1075 1076 1077 AND
2 1 145 1077 1078 AND
2 1 129 370 1079 AND
2 1 129 384 1080 AND
2 1 1079 1080 1081 AND
2 1 156 1081 1082 AND
2 1 1078 1082 1083 AND
2 1 129 401 1084 AND
2 1 129 395 1085 AND
2 1 1084 1085 1086 AND
2 1 168 1086 1087 AND
2 1 129 380 1088 AND
2 1 129 405 1089 AND
2 1 1088 1089 1090 AND
2 1 179 1090 1091 AND
2 1 1087 1091 1092 AND
2 1 1083 1092 1093 AND
2 1 228 1093 1094 AND
2 1 1074 1094 1095 AND
2 1 1052 1095 1096 AND
2 1 134 1096 1097 AND
2 1 1011 1097 1098 AND
2 1 129 664 1099 AND
2 1 129 639 1100 AND
2 1 1099 1100 1101 AND
2 1 129 669 1102 AND
2 1 129 644 1103 AND
2 1 1102 1103 1104 AND
2 1 1101 1104 1105 AND
2 1 145 1105 1106 AND
2 1 129 676 1107 AND
2 1 129 666 1108 AND
2 1 1107 1108 1109 AND
2 1 129 681 1110 AND
2 1 129 671 1111 AND
2 1 1110 1111 1112 AND
2 1 1109 1112 1113 AND
2 1 156 1113 1114 AND
2 1 1106 1114 1115 AND
2 1 129 689 1116 AND
2 1 129 703 1117 AND
2 1 1116 1117 1118 AND
2 1 129 694 1119 AND
2 1 129 708 1120 AND
2 1 1119 1120 1121 AND
2 1 1118 1121 1122 AND
2 1 168 1122 1123 AND
2 1 129 701 1124 AND
2 1 129 678 1125 AND
2 1 1124 1125 1126 AND
2 1 129 706 1127 AND
2 1 129 683 1128 AND
2 1 1127 1128 1129 AND
2 1 1126 1129 1130 AND
2 1 179 1130 1131 AND
2 1 1123 1131 1132 AND
2 1 1115 1132 1133 AND
2 1 319 1133 1134 AND
2 1 129 559 1135 AND
2 1 129 691 1136 AND
2 1 1135 1136 1137 AND
2 1 129 564 1138 AND
2 1 129 696 1139 AND
2 1 1138 1139 1140 AND
2 1 1137 1140 1141 AND
2 1 145 1141 1142 AND
2 1 129 571 1143 AND
2 1 129 561 1144 AND
2 1 1143 1144 1145 AND
2 1 129 576 1146 AND
2 1 129 566 1147 AND
2 1 1146 1147 1148 AND
2 1 1145 1148 1149 AND
2 1 156 1149 1150 AND
2 1 1142 1150 1151 AND
2 1 129 584 1152 AND
2 1 129 598 1153 AND
2 1 1152 1153 1154 AND
2 1 129 589 1155 AND
2 1 129 603 1156 AND
2 1 1155 1156 1157 AND
2 1 1154 1157 1158 AND
2 1 168 1158 1159 AND
2 1 129 596 1160 AND
2 1 129 573 1161 AND
2 1 1160 1161 1162 AND
2 1 129 601 1163 AND
2 1 129 578 1164 AND
2 1 1163 1164 1165 AND
2 1 1162 1165 1166 AND
2 1 179 1166 1167 AND
2 1 1159 1167 1168 AND
2 1 1151 1168 1169 AND
2 1 228 1169 1170 AND
2 1 1134 1170 1171 AND
2 1 129 612 1172 AND
2 1 129 798 1173 AND
2 1 1172 1173 1174 AND
2 1 129 617 1175 AND
2 1 129 803 1176 AND
2 1 1175 1176 1177 AND
2 1 1174 1177 1178 AND
2 1 145 1178 1179 AND
2 1 129 624 1180 AND
2 1 129 614 1181 AND
2 1 1180 1181 1182 AND
2 1 129 629 1183 AND
2 1 129 619 1184 AND
2 1 1183 1184 1185 AND
2 1 1182 1185 1186 AND
2 1 156 1186 1187 AND
2 1 1179 1187 1188 AND
2 1 129 637 1189 AND
2 1 129 651 1190 AND
2 1 1189 1190 1191 AND
2 1 129 642 1192 AND
2 1 129 656 1193 AND
2 1 1192 1193 1194 AND
2 1 1191 1194 1195 AND
2 1 168 1195 1196 AND
2 1 129 649 1197 AND
2 1 129 626 1198 AND
2 1 1197 1198 1199 AND
2 1 129 654 1200 AND
2 1 129 631 1201 AND
2 1 1200 1201 1202 AND
2 1 1199 1202 1203 AND
2 1 179 1203 1204 AND
2 1 1196 1204 1205 AND
2 1 1188 1205 1206 AND
2 1 274 1206 1207 AND
2 1 129 507 1208 AND
2 1 129 586 1209 AND
2 1 1208 1209 1210 AND
2 1 129 512 1211 AND
2 1 129 591 1212 AND
2 1 1211 1212 1213 AND
2 1 1210 1213 1214 AND
2 1 145 1214 1215 AND
2 1 129 519 1216 AND
2 1 129 509 1217 AND
2 1 1216 1217 1218 AND
2 1 129 524 1219 AND
2 1 129 514 1220 AND
2 1 1219 1220 1221 AND
2 1 1218 1221 1222 AND
2 1 156 1222 1223 AND
2 1 1215 1223 1224 AND
2 1 129 532 1225 AND
2 1 129 546 1226 AND
2 1 1225 1226 1227 AND
2 1 129 537 1228 AND
2 1 129 551 1229 AND
2 1 1228 1229 1230 AND
2 1 1227 1230 1231 AND
2 1 168 1231 1232 AND
2 1 129 544 1233 AND
2 1 129 521 1234 AND
2 1 1233 1234 1235 AND
2 1 129 549 1236 AND
2 1 129 526 1237 AND
2 1 1236 1237 1238 AND
2 1 1235 1238 1239 AND
2 1 179 1239 1240 AND
2 1 1232 1240 1241 AND
2 1 1224 1241 1242 AND
2 1 183 1242 1243 AND
2 1 1207 1243 1244 AND
2 1 1171 1244 1245 AND
2 1 134 1245 1246 AND
2 1 129 719 1247 AND
2 1 129 534 1248 AND
2 1 1247 1248 1249 AND
2 1 129 724 1250 AND
2 1 129 539 1251 AND
2 1 1250 1251 1252 AND
2 1 1249 1252 1253 AND
2 1 145 1253 1254 AND
2 1 129 731 1255 AND
2 1 129 721 1256 AND
2 1 1255 1256 1257 AND
2 1 129 736 1258 AND
2 1 129 726 1259 AND
2 1 1258 1259 1260 AND
2 1 1257 1260 1261 AND
2 1 156 1261 1262 AND
2 1 1254 1262 1263 AND
2 1 129 744 1264 AND
2 1 129 758 1265 AND
2 1 1264 1265 1266 AND
2 1 129 749 1267 AND
2 1 129 763 1268 AND
2 1 1267 1268 1269 AND
2 1 1266 1269 1270 AND
2 1 168 1270 1271 AND
2 1 129 756 1272 AND
2 1 129 733 1273 AND
2 1 1272 1273 1274 AND
2 1 129 761 1275 AND
2 1 129 738 1276 AND
2 1 1275 1276 1277 AND
2 1 1274 1277 1278 AND
2 1 179 1278 1279 AND
2 1 1271 1279 1280 AND
2 1 1263 1280 1281 AND
2 1 274 1281 1282 AND
2 1 129 824 1283 AND
2 1 129 746 1284 AND
2 1 1283 1284 1285 AND
2 1 129 829 1286 AND
2 1 129 751 1287 AND
2 1 1286 1287 1288 AND
2 1 1285 1288 1289 AND
2 1 145 1289 1290 AND
2 1 129 842 1291 AND
2 1 826 831 1292 AND
2 1 129 1292 1293 AND
2 1 1291 1293 1294 AND
2 1 156 1294 1295 AND
2 1 1290 1295 1296 AND
2 1 129 847 1297 AND
2 1 129 864 1298 AND
2 1 1297 1298 1299 AND
2 1 129 852 1300 AND
2 1 129 863 1301 AND
2 1 1300 1301 1302 AND
2 1 1299 1302 1303 AND
2 1 168 1303 1304 AND
2 1 129 859 1305 AND
2 1 129 836 1306 AND
2 1 1305 1306 1307 AND
2 1 129 860 1308 AND
2 1 129 837 1309 AND
2 1 1308 1309 1310 AND
2 1 1307 1310 1311 AND
2 1 179 1311 1312 AND
2 1 1304 1312 1313 AND
2 1 1296 1313 1314 AND
2 1 319 1314 1315 AND
2 1 1282 1315 1316 AND
2 1 129 771 1317 AND
2 1 129 899 1318 AND
2 1 1317 1318 1319 AND
2 1 129 776 1320 AND
2 1 129 904 1321 AND
2 1 1320 1321 1322 AND
2 1 1319 1322 1323 AND
2 1 145 1323 1324 AND
2 1 129 783 1325 AND
2 1 129 773 1326 AND
2 1 1325 1326 1327 AND
2 1 129 788 1328 AND
2 1 129 778 1329 AND
2 1 1328 1329 1330 AND
2 1 1327 1330 1331 AND
2 1 156 1331 1332 AND
2 1 1324 1332 1333 AND
2 1 129 796 1334 AND
2 1 129 810 1335 AND
2 1 1334 1335 1336 AND
2 1 129 801 1337 AND
2 1 129 815 1338 AND
2 1 1337 1338 1339 AND
2 1 1336 1339 1340 AND
2 1 168 1340 1341 AND
2 1 129 808 1342 AND
2 1 129 785 1343 AND
2 1 1342 1343 1344 AND
2 1 129 813 1345 AND
2 1 129 790 1346 AND
2 1 1345 1346 1347 AND
2 1 1344 1347 1348 AND
2 1 179 1348 1349 AND
2 1 1341 1349 1350 AND
2 1 1333 1350 1351 AND
2 1 183 1351 1352 AND
2 1 129 872 1353 AND
2 1 129 849 1354 AND
2 1 1353 1354 1355 AND
2 1 129 877 1356 AND
2 1 129 854 1357 AND
2 1 1356 1357 1358 AND
2 1 1355 1358 1359 AND
2 1 145 1359 1360 AND
2 1 129 884 1361 AND
2 1 129 874 1362 AND
2 1 1361 1362 1363 AND
2 1 129 889 1364 AND
2 1 129 879 1365 AND
2 1 1364 1365 1366 AND
2 1 1363 1366 1367 AND
2 1 156 1367 1368 AND
2 1 1360 1368 1369 AND
2 1 129 897 1370 AND
2 1 129 911 1371 AND
2 1 1370 1371 1372 AND
2 1 129 902 1373 AND
2 1 129 916 1374 AND
2 1 1373 1374 1375 AND
2 1 1372 1375 1376 AND
2 1 168 1376 1377 AND
2 1 129 909 1378 AND
2 1 129 886 1379 AND
2 1 1378 1379 1380 AND
2 1 129 914 1381 AND
2 1 129 891 1382 AND
2 1 1381 1382 1383 AND
2 1 1380 1383 1384 AND
2 1 179 1384 1385 AND
2 1 1377 1385 1386 AND
2 1 1369 1386 1387 AND
2 1 228 1387 1388 AND
2 1 1352 1388 1389 AND
2 1 1316 1389 1390 AND
2 1 134 1390 1391 AND
2 1 1246 1391 1392 AND
2 1 145 214 1393 AND
2 1 144 156 1394 AND
2 1 1393 1394 1395 AND
2 1 168 178 1396 AND
2 1 155 179 1397 AND
2 1 1396 1397 1398 AND
2 1 1395 1398 1399 AND
2 1 183 1399 1400 AND
2 1 145 305 1401 AND
2 1 156 193 1402 AND
2 1 1401 1402 1403 AND
2 1 168 224 1404 AND
2 1 179 203 1405 AND
2 1 1404 1405 1406 AND
2 1 1403 1406 1407 AND
2 1 228 1407 1408 AND
2 1 1400 1408 1409 AND
2 1 145 353 1410 AND
2 1 156 239 1411 AND
2 1 1410 1411 1412 AND
2 1 168 270 1413 AND
2 1 179 249 1414 AND
2 1 1413 1414 1415 AND
2 1 1412 1415 1416 AND
2 1 274 1416 1417 AND
2 1 145 260 1418 AND
2 1 156 284 1419 AND
2 1 1418 1419 1420 AND
2 1 168 315 1421 AND
2 1 179 294 1422 AND
2 1 1421 1422 1423 AND
2 1 1420 1423 1424 AND
2 1 319 1424 1425 AND
2 1 1417 1425 1426 AND
2 1 1409 1426 1427 AND
2 1 134 1427 1428 AND
2 1 145 442 1429 AND
2 1 156 465 1430 AND
2 1 1429 1430 1431 AND
2 1 168 498 1432 AND
2 1 179 475 1433 AND
2 1 1432 1433 1434 AND
2 1 1431 1434 1435 AND
2 1 319 1435 1436 AND
2 1 145 167 1437 AND
2 1 156 421 1438 AND
2 1 1437 1438 1439 AND
2 1 168 452 1440 AND
2 1 179 431 1441 AND
2 1 1440 1441 1442 AND
2 1 1439 1442 1443 AND
2 1 274 1443 1444 AND
2 1 1436 1444 1445 AND
2 1 145 486 1446 AND
2 1 156 376 1447 AND
2 1 1446 1447 1448 AND
2 1 168 407 1449 AND
2 1 179 386 1450 AND
2 1 1449 1450 1451 AND
2 1 1448 1451 1452 AND
2 1 228 1452 1453 AND
2 1 145 397 1454 AND
2 1 156 332 1455 AND
2 1 1454 1455 1456 AND
2 1 168 363 1457 AND
2 1 179 342 1458 AND
2 1 1457 1458 1459 AND
2 1 1456 1459 1460 AND
2 1 183 1460 1461 AND
2 1 1453 1461 1462 AND
2 1 1445 1462 1463 AND
2 1 134 1463 1464 AND
2 1 1428 1464 1465 AND
2 1 145 594 1466 AND
2 1 156 517 1467 AND
2 1 1466 1467 1468 AND
2 1 168 554 1469 AND
2 1 179 529 1470 AND
2 1 1469 1470 1471 AND
2 1 1468 1471 1472 AND
2 1 183 1472 1473 AND
2 1 145 699 1474 AND
2 1 156 569 1475 AND
2 1 1474 1475 1476 AND
2 1 168 606 1477 AND
2 1 179 581 1478 AND
2 1 1477 1478 1479 AND
2 1 1476 1479 1480 AND
2 1 228 1480 1481 AND
2 1 1473 1481 1482 AND
2 1 145 806 1483 AND
2 1 156 622 1484 AND
2 1 1483 1484 1485 AND
2 1 168 659 1486 AND
2 1 179 634 1487 AND
2 1 1486 1487 1488 AND
2 1 1485 1488 1489 AND
2 1 274 1489 1490 AND
2 1 145 647 1491 AND
2 1 156 674 1492 AND
2 1 1491 1492 1493 AND
2 1 168 711 1494 AND
2 1 179 686 1495 AND
2 1 1494 1495 1496 AND
2 1 1493 1496 1497 AND
2 1 319 1497 1498 AND
2 1 1490 1498 1499 AND
2 1 1482 1499 1500 AND
2 1 134 1500 1501 AND
2 1 145 754 1502 AND
2 1 156 834 1503 AND
2 1 1502 1503 1504 AND
2 1 168 867 1505 AND
2 1 179 844 1506 AND
2 1 1505 1506 1507 AND
2 1 1504 1507 1508 AND
2 1 319 1508 1509 AND
2 1 145 542 1510 AND
2 1 156 729 1511 AND
2 1 1510 1511 1512 AND
2 1 168 766 1513 AND
2 1 179 741 1514 AND
2 1 1513 1514 1515 AND
2 1 1512 1515 1516 AND
2 1 274 1516 1517 AND
2 1 1509 1517 1518 AND
2 1 145 857 1519 AND
2 1 156 882 1520 AND
2 1 1519 1520 1521 AND
2 1 168 919 1522 AND
2 1 179 894 1523 AND
2 1 1522 1523 1524 AND
2 1 1521 1524 1525 AND
2 1 228 1525 1526 AND
2 1 145 907 1527 AND
2 1 156 781 1528 AND
2 1 1527 1528 1529 AND
2 1 168 818 1530 AND
2 1 179 793 1531 AND
2 1 1530 1531 1532 AND
2 1 1529 1532 1533 AND
2 1 183 1533 1534 AND
2 1 1526 1534 1535 AND
2 1 1518 1535 1536 AND
2 1 134 1536 1537 AND
2 1 1501 1537 1538 AND
2 1 145 959 1539 AND
2 1 156 930 1540 AND
2 1 1539 1540 1541 AND
2 1 168 943 1542 AND
2 1 179 934 1543 AND
2 1 1542 1543 1544 AND
2 1 1541 1544 1545 AND
2 1 183 1545 1546 AND
2 1 145 1000 1547 AND
2 1 156 950 1548 AND
2 1 1547 1548 1549 AND
2 1 168 963 1550 AND
2 1 179 954 1551 AND
2 1 1550 1551 1552 AND
2 1 1549 1552 1553 AND
2 1 228 1553 1554 AND
2 1 1546 1554 1555 AND
2 1 145 1043 1556 AND
2 1 156 971 1557 AND
2 1 1556 1557 1558 AND
2 1 168 984 1559 AND
2 1 179 975 1560 AND
2 1 1559 1560 1561 AND
2 1 1558 1561 1562 AND
2 1 274 1562 1563 AND
2 1 145 980 1564 AND
2 1 156 991 1565 AND
2 1 1564 1565 1566 AND
2 1 168 1004 1567 AND
2 1 179 995 1568 AND
2 1 1567 1568 1569 AND
2 1 1566 1569 1570 AND
2 1 319 1570 1571 AND
2 1 1563 1571 1572 AND
2 1 1555 1572 1573 AND
2 1 134 1573 1574 AND
2 1 145 1023 1575 AND
2 1 156 1055 1576 AND
2 1 1575 1576 1577 AND
2 1 168 1070 1578 AND
2 1 179 1059 1579 AND
2 1 1578 1579 1580 AND
2 1 1577 1580 1581 AND
2 1 319 1581 1582 AND
2 1 145 939 1583 AND
2 1 156 1014 1584 AND
2 1 1583 1584 1585 AND
2 1 168 1027 1586 AND
2 1 179 1018 1587 AND
2 1 1586 1587 1588 AND
2 1 1585 1588 1589 AND
2 1 274 1589 1590 AND
2 1 1582 1590 1591 AND
2 1 145 1065 1592 AND
2 1 156 1077 1593 AND
2 1 1592 1593 1594 AND
2 1 168 1090 1595 AND
2 1 179 1081 1596 AND
2 1 1595 1596 1597 AND
2 1 1594 1597 1598 AND
2 1 228 1598 1599 AND
2 1 145 1086 1600 AND
2 1 156 1034 1601 AND
2 1 1600 1601 1602 AND
2 1 168 1047 1603 AND
2 1 179 1038 1604 AND
2 1 1603 1604 1605 AND
2 1 1602 1605 1606 AND
2 1 183 1606 1607 AND
2 1 1599 1607 1608 AND
2 1 1591 1608 1609 AND
2 1 134 1609 1610 AND
2 1 1574 1610 1611 AND
2 1 145 1158 1612 AND
2 1 156 1214 1613 AND
2 1 1612 1613 1614 AND
2 1 168 1239 1615 AND
2 1 179 1222 1616 AND
2 1 1615 1616 1617 AND
2 1 1614 1617 1618 AND
2 1 183 1618 1619 AND
2 1 145 1122 1620 AND
2 1 156 1141 1621 AND
2 1 1620 1621 1622 AND
2 1 168 1166 1623 AND
2 1 179 1149 1624 AND
2 1 1623 1624 1625 AND
2 1 1622 1625 1626 AND
2 1 228 1626 1627 AND
2 1 1619 1627 1628 AND
2 1 145 1340 1629 AND
2 1 156 1178 1630 AND
2 1 1629 1630 1631 AND
2 1 168 1203 1632 AND
2 1 179 1186 1633 AND
2 1 1632 1633 1634 AND
2 1 1631 1634 1635 AND
2 1 274 1635 1636 AND
2 1 145 1195 1637 AND
2 1 156 1105 1638 AND
2 1 1637 1638 1639 AND
2 1 168 1130 1640 AND
2 1 179 1113 1641 AND
2 1 1640 1641 1642 AND
2 1 1639 1642 1643 AND
2 1 319 1643 1644 AND
2 1 1636 1644 1645 AND
2 1 1628 1645 1646 AND
2 1 134 1646 1647 AND
2 1 156 1289 1648 AND
2 1 179 1294 1649 AND
2 1 1648 1649 1650 AND
2 1 168 1311 1651 AND
2 1 145 1270 1652 AND
2 1 1651 1652 1653 AND
2 1 1650 1653 1654 AND
2 1 319 1654 1655 AND
2 1 145 1231 1656 AND
2 1 156 1253 1657 AND
2 1 1656 1657 1658 AND
2 1 168 1278 1659 AND
2 1 179 1261 1660 AND
2 1 1659 1660 1661 AND
2 1 1658 1661 1662 AND
2 1 274 1662 1663 AND
2 1 1655 1663 1664 AND
2 1 145 1303 1665 AND
2 1 156 1359 1666 AND
2 1 1665 1666 1667 AND
2 1 168 1384 1668 AND
2 1 179 1367 1669 AND
2 1 1668 1669 1670 AND
2 1 1667 1670 1671 AND
2 1 228 1671 1672 AND
2 1 145 1376 1673 AND
2 1 156 1323 1674 AND
2 1 1673 1674 1675 AND
2 1 168 1348 1676 AND
2 1 179 1331 1677 AND
2 1 1676 1677 1678 AND
2 1 1675 1678 1679 AND
2 1 183 1679 1680 AND
2 1 1672 1680 1681 AND
2 1 1664 1681 1682 AND
2 1 134 1682 1683 AND
2 1 1647 1683 1684 AND
2 1 145 224 1685 AND
2 1 156 214 1686 AND
2 1 1685 1686 1687 AND
2 1 155 168 1688 AND
2 1 144 179 1689 AND
2 1 1688 1689 1690 AND
2 1 1687 1690 1691 AND
2 1 183 1691 1692 AND
2 1 145 315 1693 AND
2 1 156 305 1694 AND
2 1 1693 1694 1695 AND
2 1 168 203 1696 AND
2 1 179 193 1697 AND
2 1 1696 1697 1698 AND
2 1 1695 1698 1699 AND
2 1 228 1699 1700 AND
2 1 1692 1700 1701 AND
2 1 145 363 1702 AND
2 1 156 353 1703 AND
2 1 1702 1703 1704 AND
2 1 168 249 1705 AND
2 1 179 239 1706 AND
2 1 1705 1706 1707 AND
2 1 1704 1707 1708 AND
2 1 274 1708 1709 AND
2 1 145 270 1710 AND
2 1 156 260 1711 AND
2 1 1710 1711 1712 AND
2 1 168 294 1713 AND
2 1 179 284 1714 AND
2 1 1713 1714 1715 AND
2 1 1712 1715 1716 AND
2 1 319 1716 1717 AND
2 1 1709 1717 1718 AND
2 1 1701 1718 1719 AND
2 1 134 1719 1720 AND
2 1 145 452 1721 AND
2 1 156 442 1722 AND
2 1 1721 1722 1723 AND
2 1 168 475 1724 AND
2 1 179 465 1725 AND
2 1 1724 1725 1726 AND
2 1 1723 1726 1727 AND
2 1 319 1727 1728 AND
2 1 145 178 1729 AND
2 1 156 167 1730 AND
2 1 1729 1730 1731 AND
2 1 168 431 1732 AND
2 1 179 421 1733 AND
2 1 1732 1733 1734 AND
2 1 1731 1734 1735 AND
2 1 274 1735 1736 AND
2 1 1728 1736 1737 AND
2 1 145 498 1738 AND
2 1 156 486 1739 AND
2 1 1738 1739 1740 AND
2 1 168 386 1741 AND
2 1 179 376 1742 AND
2 1 1741 1742 1743 AND
2 1 1740 1743 1744 AND
2 1 228 1744 1745 AND
2 1 145 407 1746 AND
2 1 156 397 1747 AND
2 1 1746 1747 1748 AND
2 1 168 342 1749 AND
2 1 179 332 1750 AND
2 1 1749 1750 1751 AND
2 1 1748 1751 1752 AND
2 1 183 1752 1753 AND
2 1 1745 1753 1754 AND
2 1 1737 1754 1755 AND
2 1 134 1755 1756 AND
2 1 1720 1756 1757 AND
2 1 145 606 1758 AND
2 1 156 594 1759 AND
2 1 1758 1759 1760 AND
2 1 168 529 1761 AND
2 1 179 517 1762 AND
2 1 1761 1762 1763 AND
2 1 1760 1763 1764 AND
2 1 183 1764 1765 AND
2 1 145 711 1766 AND
2 1 156 699 1767 AND
2 1 1766 1767 1768 AND
2 1 168 581 1769 AND
2 1 179 569 1770 AND
2 1 1769 1770 1771 AND
2 1 1768 1771 1772 AND
2 1 228 1772 1773 AND
2 1 1765 1773 1774 AND
2 1 145 818 1775 AND
2 1 156 806 1776 AND
2 1 1775 1776 1777 AND
2 1 168 634 1778 AND
2 1 179 622 1779 AND
2 1 1778 1779 1780 AND
2 1 1777 1780 1781 AND
2 1 274 1781 1782 AND
2 1 145 659 1783 AND
2 1 156 647 1784 AND
2 1 1783 1784 1785 AND
2 1 168 686 1786 AND
2 1 179 674 1787 AND
2 1 1786 1787 1788 AND
2 1 1785 1788 1789 AND
2 1 319 1789 1790 AND
2 1 1782 1790 1791 AND
2 1 1774 1791 1792 AND
2 1 134 1792 1793 AND
2 1 145 766 1794 AND
2 1 156 754 1795 AND
2 1 1794 1795 1796 AND
2 1 168 844 1797 AND
2 1 179 834 1798 AND
2 1 1797 1798 1799 AND
2 1 1796 1799 1800 AND
2 1 319 1800 1801 AND
2 1 145 554 1802 AND
2 1 156 542 1803 AND
2 1 1802 1803 1804 AND
2 1 168 741 1805 AND
2 1 179 729 1806 AND
2 1 1805 1806 1807 AND
2 1 1804 1807 1808 AND
2 1 274 1808 1809 AND
2 1 1801 1809 1810 AND
2 1 145 867 1811 AND
2 1 156 857 1812 AND
2 1 1811 1812 1813 AND
2 1 168 894 1814 AND
2 1 179 882 1815 AND
2 1 1814 1815 1816 AND
2 1 1813 1816 1817 AND
2 1 228 1817 1818 AND
2 1 145 919 1819 AND
2 1 156 907 1820 AND
2 1 1819 1820 1821 AND
2 1 168 793 1822 AND
2 1 179 781 1823 AND
2 1 1822 1823 1824 AND
2 1 1821 1824 1825 AND
2 1 183 1825 1826 AND
2 1 1818 1826 1827 AND
2 1 1810 1827 1828 AND
2 1 134 1828 1829 AND
2 1 1793 1829 1830 AND
2 1 145 963 1831 AND
2 1 156 959 1832 AND
2 1 1831 1832 1833 AND
2 1 168 934 1834 AND
2 1 179 930 1835 AND
2 1 1834 1835 1836 AND
2 1 1833 1836 1837 AND
2 1 183 1837 1838 AND
2 1 145 1004 1839 AND
2 1 156 1000 1840 AND
2 1 1839 1840 1841 AND
2 1 168 954 1842 AND
2 1 179 950 1843 AND
2 1 1842 1843 1844 AND
2 1 1841 1844 1845 AND
2 1 228 1845 1846 AND
2 1 1838 1846 1847 AND
2 1 145 1047 1848 AND
2 1 156 1043 1849 AND
2 1 1848 1849 1850 AND
2 1 168 975 1851 AND
2 1 179 971 1852 AND
2 1 1851 1852 1853 AND
2 1 1850 1853 1854 AND
2 1 274 1854 1855 AND
2 1 145 984 1856 AND
2 1 156 980 1857 AND
2 1 1856 1857 1858 AND
2 1 168 995 1859 AND
2 1 179 991 1860 AND
2 1 1859 1860 1861 AND
2 1 1858 1861 1862 AND
2 1 319 1862 1863 AND
2 1 1855 1863 1864 AND
2 1 1847 1864 1865 AND
2 1 134 1865 1866 AND
2 1 145 1027 1867 AND
2 1 156 1023 1868 AND
2 1 1867 1868 1869 AND
2 1 168 1059 1870 AND
2 1 179 1055 1871 AND
2 1 1870 1871 1872 AND
2 1 1869 1872 1873 AND
2 1 319 1873 1874 AND
2 1 145 943 1875 AND
2 1 156 939 1876 AND
2 1 1875 1876 1877 AND
2 1 168 1018 1878 AND
2 1 179 1014 1879 AND
2 1 1878 1879 1880 AND
2 1 1877 1880 1881 AND
2 1 274 1881 1882 AND
2 1 1874 1882 1883 AND
2 1 145 1070 1884 AND
2 1 156 1065 1885 AND
2 1 1884 1885 1886 AND
2 1 168 1081 1887 AND
2 1 179 1077 1888 AND
2 1 1887 1888 1889 AND
2 1 1886 1889 1890 AND
2 1 228 1890 1891 AND
2 1 145 1090 1892 AND
2 1 156 1086 1893 AND
2 1 1892 1893 1894 AND
2 1 168 1038 1895 AND
2 1 179 1034 1896 AND
2 1 1895 1896 1897 AND
2 1 1894 1897 1898 AND
2 1 183 1898 1899 AND
2 1 1891 1899 1900 AND
2 1 1883 1900 1901 AND
2 1 134 1901 1902 AND
2 1 1866 1902 1903 AND
2 1 145 1166 1904 AND
2 1 156 1158 1905 AND
2 1 1904 1905 1906 AND
2 1 168 1222 1907 AND
2 1 179 1214 1908 AND
2 1 1907 1908 1909 AND
2 1 1906 1909 1910 AND
2 1 183 1910 1911 AND
2 1 145 1130 1912 AND
2 1 156 1122 1913 AND
2 1 1912 1913 1914 AND
2 1 168 1149 1915 AND
2 1 179 1141 1916 AND
2 1 1915 1916 1917 AND
2 1 1914 1917 1918 AND
2 1 228 1918 1919 AND
2 1 1911 1919 1920 AND
2 1 145 1348 1921 AND
2 1 156 1340 1922 AND
2 1 1921 1922 1923 AND
2 1 168 1186 1924 AND
2 1 179 1178 1925 AND
2 1 1924 1925 1926 AND
2 1 1923 1926 1927 AND
2 1 274 1927 1928 AND
2 1 145 1203 1929 AND
2 1 156 1195 1930 AND
2 1 1929 1930 1931 AND
2 1 168 1113 1932 AND
2 1 179 1105 1933 AND
2 1 1932 1933 1934 AND
2 1 1931 1934 1935 AND
2 1 319 1935 1936 AND
2 1 1928 1936 1937 AND
2 1 1920 1937 1938 AND
2 1 134 1938 1939 AND
2 1 145 1278 1940 AND
2 1 179 1289 1941 AND
2 1 1940 1941 1942 AND
2 1 168 1294 1943 AND
2 1 156 1270 1944 AND
2 1 1943 1944 1945 AND
2 1 1942 1945 1946 AND
2 1 319 1946 1947 AND
2 1 145 1239 1948 AND
2 1 156 1231 1949 AND
2 1 1948 1949 1950 AND
2 1 168 1261 1951 AND
2 1 179 1253 1952 AND
2 1 1951 1952 1953 AND
2 1 1950 1953 1954 AND
2 1 274 1954 1955 AND
2 1 1947 1955 1956 AND
2 1 145 1311 1957 AND
2 1 156 1303 1958 AND
2 1 1957 1958 1959 AND
2 1 168 1367 1960 AND
2 1 179 1359 1961 AND
2 1 1960 1961 1962 AND
2 1 1959 1962 1963 AND
2 1 228 1963 1964 AND
2 1 145 1384 1965 AND
2 1 156 1376 1966 AND
2 1 1965 1966 1967 AND
2 1 168 1331 1968 AND
2 1 179 1323 1969 AND
2 1 1968 1969 1970 AND
2 1 1967 1970 1971 AND
2 1 183 1971 1972 AND
2 1 1964 1972 1973 AND
2 1 1956 1973 1974 AND
2 1 134 1974 1975 AND
2 1 1939 1975 1976 AND
2 1 145 203 1977 AND
2 1 156 224 1978 AND
2 1 1977 1978 1979 AND
2 1 144 168 1980 AND
2 1 179 214 1981 AND
2 1 1980 1981 1982 AND
2 1 1979 1982 1983 AND
2 1 183 1983 1984 AND
2 1 145 294 1985 AND
2 1 156 315 1986 AND
2 1 1985 1986 1987 AND
2 1 168 193 1988 AND
2 1 179 305 1989 AND
2 1 1988 1989 1990 AND
2 1 1987 1990 1991 AND
2 1 228 1991 1992 AND
2 1 1984 1992 1993 AND
2 1 145 342 1994 AND
2 1 156 363 1995 AND
2 1 1994 1995 1996 AND
2 1 168 239 1997 AND
2 1 179 353 1998 AND
2 1 1997 1998 1999 AND
2 1 1996 1999 2000 AND
2 1 274 2000 2001 AND
2 1 145 249 2002 AND
2 1 156 270 2003 AND
2 1 2002 2003 2004 AND
2 1 168 284 2005 AND
2 1 179 260 2006 AND
2 1 2005 2006 2007 AND
2 1 2004 2007 2008 AND
2 1 319 2008 2009 AND
2 1 2001 2009 2010 AND
2 1 1993 2010 2011 AND
2 1 134 2011 2012 AND
2 1 145 431 2013 AND
2 1 156 452 2014 AND
2 1 2013 2014 2015 AND
2 1 168 465 2016 AND
2 1 179 442 2017 AND
2 1 2016 2017 2018 AND
2 1 2015 2018 2019 AND
2 1 319 2019 2020 AND
2 1 145 155 2021 AND
2 1 156 178 2022 AND
2 1 2021 2022 2023 AND
2 1 168 421 2024 AND
2 1 167 179 2025 AND
2 1 2024 2025 2026 AND
2 1 2023 2026 2027 AND
2 1 274 2027 2028 AND
2 1 2020 2028 2029 AND
2 1 145 475 2030 AND
2 1 156 498 2031 AND
2 1 2030 2031 2032 AND
2 1 168 376 2033 AND
2 1 179 486 2034 AND
2 1 2033 2034 2035 AND
2 1 2032 2035 2036 AND
2 1 228 2036 2037 AND
2 1 145 386 2038 AND
2 1 156 407 2039 AND
2 1 2038 2039 2040 AND
2 1 168 332 2041 AND
2 1 179 397 2042 AND
2 1 2041 2042 2043 AND
2 1 2040 2043 2044 AND
2 1 183 2044 2045 AND
2 1 2037 2045 2046 AND
2 1 2029 2046 2047 AND
2 1 134 2047 2048 AND
2 1 2012 2048 2049 AND
2 1 145 581 2050 AND
2 1 156 606 2051 AND
2 1 2050 2051 2052 AND
2 1 168 517 2053 AND
2 1 179 594 2054 AND
2 1 2053 2054 2055 AND
2 1 2052 2055 2056 AND
2 1 183 2056 2057 AND
2 1 145 686 2058 AND
2 1 156 711 2059 AND
2 1 2058 2059 2060 AND
2 1 168 569 2061 AND
2 1 179 699 2062 AND
2 1 2061 2062 2063 AND
2 1 2060 2063 2064 AND
2 1 228 2064 2065 AND
2 1 2057 2065 2066 AND
2 1 145 793 2067 AND
2 1 156 818 2068 AND
2 1 2067 2068 2069 AND
2 1 168 622 2070 AND
2 1 179 806 2071 AND
2 1 2070 2071 2072 AND
2 1 2069 2072 2073 AND
2 1 274 2073 2074 AND
2 1 145 634 2075 AND
2 1 156 659 2076 AND
2 1 2075 2076 2077 AND
2 1 168 674 2078 AND
2 1 179 647 2079 AND
2 1 2078 2079 2080 AND
2 1 2077 2080 2081 AND
2 1 319 2081 2082 AND
2 1 2074 2082 2083 AND
2 1 2066 2083 2084 AND
2 1 134 2084 2085 AND
2 1 145 741 2086 AND
2 1 156 766 2087 AND
2 1 2086 2087 2088 AND
2 1 168 834 2089 AND
2 1 179 754 2090 AND
2 1 2089 2090 2091 AND
2 1 2088 2091 2092 AND
2 1 319 2092 2093 AND
2 1 145 529 2094 AND
2 1 156 554 2095 AND
2 1 2094 2095 2096 AND
2 1 168 729 2097 AND
2 1 179 542 2098 AND
2 1 2097 2098 2099 AND
2 1 2096 2099 2100 AND
2 1 274 2100 2101 AND
2 1 2093 2101 2102 AND
2 1 145 844 2103 AND
2 1 156 867 2104 AND
2 1 2103 2104 2105 AND
2 1 168 882 2106 AND
2 1 179 857 2107 AND
2 1 2106 2107 2108 AND
2 1 2105 2108 2109 AND
2 1 228 2109 2110 AND
2 1 145 894 2111 AND
2 1 156 919 2112 AND
2 1 2111 2112 2113 AND
2 1 168 781 2114 AND
2 1 179 907 2115 AND
2 1 2114 2115 2116 AND
2 1 2113 2116 2117 AND
2 1 183 2117 2118 AND
2 1 2110 2118 2119 AND
2 1 2102 2119 2120 AND
2 1 134 2120 2121 AND
2 1 2085 2121 2122 AND
2 1 145 954 2123 AND
2 1 156 963 2124 AND
2 1 2123 2124 2125 AND
2 1 168 930 2126 AND
2 1 179 959 2127 AND
2 1 2126 2127 2128 AND
2 1 2125 2128 2129 AND
2 1 183 2129 2130 AND
2 1 145 995 2131 AND
2 1 156 1004 2132 AND
2 1 2131 2132 2133 AND
2 1 168 950 2134 AND
2 1 179 1000 2135 AND
2 1 2134 2135 2136 AND
2 1 2133 2136 2137 AND
2 1 228 2137 2138 AND
2 1 2130 2138 2139 AND
2 1 145 1038 2140 AND
2 1 156 1047 2141 AND
2 1 2140 2141 2142 AND
2 1 168 971 2143 AND
2 1 179 1043 2144 AND
2 1 2143 2144 2145 AND
2 1 2142 2145 2146 AND
2 1 274 2146 2147 AND
2 1 145 975 2148 AND
2 1 156 984 2149 AND
2 1 2148 2149 2150 AND
2 1 168 991 2151 AND
2 1 179 980 2152 AND
2 1 2151 2152 2153 AND
2 1 2150 2153 2154 AND
2 1 319 2154 2155 AND
2 1 2147 2155 2156 AND
2 1 2139 2156 2157 AND
2 1 134 2157 2158 AND
2 1 145 1018 2159 AND
2 1 156 1027 2160 AND
2 1 2159 2160 2161 AND
2 1 168 1055 2162 AND
2 1 179 1023 2163 AND
2 1 2162 2163 2164 AND
2 1 2161 2164 2165 AND
2 1 319 2165 2166 AND
2 1 145 934 2167 AND
2 1 156 943 2168 AND
2 1 2167 2168 2169 AND
2 1 168 1014 2170 AND
2 1 179 939 2171 AND
2 1 2170 2171 2172 AND
2 1 2169 2172 2173 AND
2 1 274 2173 2174 AND
2 1 2166 2174 2175 AND
2 1 145 1059 2176 AND
2 1 156 1070 2177 AND
2 1 2176 2177 2178 AND
2 1 168 1077 2179 AND
2 1 179 1065 2180 AND
2 1 2179 2180 2181 AND
2 1 2178 2181 2182 AND
2 1 228 2182 2183 AND
2 1 145 1081 2184 AND
2 1 156 1090 2185 AND
2 1 2184 2185 2186 AND
2 1 168 1034 2187 AND
2 1 179 1086 2188 AND
2 1 2187 2188 2189 AND
2 1 2186 2189 2190 AND
2 1 183 2190 2191 AND
2 1 2183 2191 2192 AND
2 1 2175 2192 2193 AND
2 1 134 2193 2194 AND
2 1 2158 2194 2195 AND
2 1 145 1149 2196 AND
2 1 156 1166 2197 AND
2 1 2196 2197 2198 AND
2 1 168 1214 2199 AND
2 1 179 1158 2200 AND
2 1 2199 2200 2201 AND
2 1 2198 2201 2202 AND
2 1 183 2202 2203 AND
2 1 145 1113 2204 AND
2 1 156 1130 2205 AND
2 1 2204 2205 2206 AND
2 1 168 1141 2207 AND
2 1 179 1122 2208 AND
2 1 2207 2208 2209 AND
2 1 2206 2209 2210 AND
2 1 228 2210 2211 AND
2 1 2203 2211 2212 AND
2 1 145 1331 2213 AND
2 1 156 1348 2214 AND
2 1 2213 2214 2215 AND
2 1 168 1178 2216 AND
2 1 179 1340 2217 AND
2 1 2216 2217 2218 AND
2 1 2215 2218 2219 AND
2 1 274 2219 2220 AND
2 1 145 1186 2221 AND
2 1 156 1203 2222 AND
2 1 2221 2222 2223 AND
2 1 168 1105 2224 AND
2 1 179 1195 2225 AND
2 1 2224 2225 2226 AND
2 1 2223 2226 2227 AND
2 1 319 2227 2228 AND
2 1 2220 2228 2229 AND
2 1 2212 2229 2230 AND
2 1 134 2230 2231 AND
2 1 145 1261 2232 AND
2 1 156 1278 2233 AND
2 1 2232 2233 2234 AND
2 1 168 1289 2235 AND
2 1 179 1270 2236 AND
2 1 2235 2236 2237 AND
2 1 2234 2237 2238 AND
2 1 319 2238 2239 AND
2 1 145 1222 2240 AND
2 1 156 1239 2241 AND
2 1 2240 2241 2242 AND
2 1 168 1253 2243 AND
2 1 179 1231 2244 AND
2 1 2243 2244 2245 AND
2 1 2242 2245 2246 AND
2 1 274 2246 2247 AND
2 1 2239 2247 2248 AND
2 1 145 1294 2249 AND
2 1 156 1311 2250 AND
2 1 2249 2250 2251 AND
2 1 168 1359 2252 AND
2 1 179 1303 2253 AND
2 1 2252 2253 2254 AND
2 1 2251 2254 2255 AND
2 1 228 2255 2256 AND
2 1 145 1367 2257 AND
2 1 156 1384 2258 AND
2 1 2257 2258 2259 AND
2 1 168 1323 2260 AND
2 1 179 1376 2261 AND
2 1 2260 2261 2262 AND
2 1 2259 2262 2263 AND
2 1 183 2263 2264 AND
2 1 2256 2264 2265 AND
2 1 2248 2265 2266 AND
2 1 134 2266 2267 AND
2 1 2231 2267 2268 AND
2 1 183 227 2269 AND
2 1 228 318 2270 AND
2 1 2269 2270 2271 AND
2 1 274 366 2272 AND
2 1 273 319 2273 AND
2 1 2272 2273 2274 AND
2 1 2271 2274 2275 AND
2 1 134 2275 2276 AND
2 1 182 274 2277 AND
2 1 183 410 2278 AND
2 1 2277 2278 2279 AND
2 1 319 455 2280 AND
2 1 228 501 2281 AND
2 1 2280 2281 2282 AND
2 1 2279 2282 2283 AND
2 1 134 2283 2284 AND
2 1 2276 2284 2285 AND
2 1 183 609 2286 AND
2 1 228 714 2287 AND
2 1 2286 2287 2288 AND
2 1 274 821 2289 AND
2 1 319 662 2290 AND
2 1 2289 2290 2291 AND
2 1 2288 2291 2292 AND
2 1 134 2292 2293 AND
2 1 319 769 2294 AND
2 1 274 557 2295 AND
2 1 2294 2295 2296 AND
2 1 228 870 2297 AND
2 1 183 922 2298 AND
2 1 2297 2298 2299 AND
2 1 2296 2299 2300 AND
2 1 134 2300 2301 AND
2 1 2293 2301 2302 AND
2 1 183 966 2303 AND
2 1 228 1007 2304 AND
2 1 2303 2304 2305 AND
2 1 274 1050 2306 AND
2 1 319 987 2307 AND
2 1 2306 2307 2308 AND
2 1 2305 2308 2309 AND
2 1 134 2309 2310 AND
2 1 319 1030 2311 AND
2 1 274 946 2312 AND
2 1 2311 2312 2313 AND
2 1 228 1073 2314 AND
2 1 183 1093 2315 AND
2 1 2314 2315 2316 AND
2 1 2313 2316 2317 AND
2 1 134 2317 2318 AND
2 1 2310 2318 2319 AND
2 1 228 1133 2320 AND
2 1 183 1169 2321 AND
2 1 2320 2321 2322 AND
2 1 319 1206 2323 AND
2 1 274 1351 2324 AND
2 1 2323 2324 2325 AND
2 1 2322 2325 2326 AND
2 1 134 2326 2327 AND
2 1 319 1281 2328 AND
2 1 274 1242 2329 AND
2 1 2328 2329 2330 AND
2 1 183 1387 2331 AND
2 1 228 1314 2332 AND
2 1 2331 2332 2333 AND
2 1 2330 2333 2334 AND
2 1 134 2334 2335 AND
2 1 2327 2335 2336 AND
2 1 183 1407 2337 AND
2 1 228 1424 2338 AND
2 1 2337 2338 2339 AND
2 1 274 1460 2340 AND
2 1 319 1416 2341 AND
2 1 2340 2341 2342 AND
2 1 2339 2342 2343 AND
2 1 134 2343 2344 AND
2 1 274 1399 2345 AND
2 1 228 1435 2346 AND
2 1 2345 2346 2347 AND
2 1 183 1452 2348 AND
2 1 319 1443 2349 AND
2 1 2348 2349 2350 AND
2 1 2347 2350 2351 AND
2 1 134 2351 2352 AND
2 1 2344 2352 2353 AND
2 1 183 1480 2354 AND
2 1 228 1497 2355 AND
2 1 2354 2355 2356 AND
2 1 274 1533 2357 AND
2 1 319 1489 2358 AND
2 1 2357 2358 2359 AND
2 1 2356 2359 2360 AND
2 1 134 2360 2361 AND
2 1 274 1472 2362 AND
2 1 228 1508 2363 AND
2 1 2362 2363 2364 AND
2 1 183 1525 2365 AND
2 1 319 1516 2366 AND
2 1 2365 2366 2367 AND
2 1 2364 2367 2368 AND
2 1 134 2368 2369 AND
2 1 2361 2369 2370 AND
2 1 183 1553 2371 AND
2 1 228 1570 2372 AND
2 1 2371 2372 2373 AND
2 1 274 1606 2374 AND
2 1 319 1562 2375 AND
2 1 2374 2375 2376 AND
2 1 2373 2376 2377 AND
2 1 134 2377 2378 AND
2 1 274 1545 2379 AND
2 1 228 1581 2380 AND
2 1 2379 2380 2381 AND
2 1 183 1598 2382 AND
2 1 319 1589 2383 AND
2 1 2382 2383 2384 AND
2 1 2381 2384 2385 AND
2 1 134 2385 2386 AND
2 1 2378 2386 2387 AND
2 1 183 1626 2388 AND
2 1 274 1679 2389 AND
2 1 2388 2389 2390 AND
2 1 319 1635 2391 AND
2 1 228 1643 2392 AND
2 1 2391 2392 2393 AND
2 1 2390 2393 2394 AND
2 1 134 2394 2395 AND
2 1 228 1654 2396 AND
2 1 319 1662 2397 AND
2 1 2396 2397 2398 AND
2 1 183 1671 2399 AND
2 1 274 1618 2400 AND
2 1 2399 2400 2401 AND
2 1 2398 2401 2402 AND
2 1 134 2402 2403 AND
2 1 2395 2403 2404 AND
2 1 183 1699 2405 AND
2 1 274 1752 2406 AND
2 1 2405 2406 2407 AND
2 1 319 1708 2408 AND
2 1 228 1716 2409 AND
2 1 2408 2409 2410 AND
2 1 2407 2410 2411 AND
2 1 134 2411 2412 AND
2 1 228 1727 2413 AND
2 1 319 1735 2414 AND
2 1 2413 2414 2415 AND
2 1 183 1744 2416 AND
2 1 274 1691 2417 AND
2 1 2416 2417 2418 AND
2 1 2415 2418 2419 AND
2 1 134 2419 2420 AND
2 1 2412 2420 2421 AND
2 1 183 1772 2422 AND
2 1 274 1825 2423 AND
2 1 2422 2423 2424 AND
2 1 319 1781 2425 AND
2 1 228 1789 2426 AND
2 1 2425 2426 2427 AND
2 1 2424 2427 2428 AND
2 1 134 2428 2429 AND
2 1 228 1800 2430 AND
2 1 319 1808 2431 AND
2 1 2430 2431 2432 AND
2 1 183 1817 2433 AND
2 1 274 1764 2434 AND
2 1 2433 2434 2435 AND
2 1 2432 2435 2436 AND
2 1 134 2436 2437 AND
2 1 2429 2437 2438 AND
2 1 183 1845 2439 AND
2 1 228 1862 2440 AND
2 1 2439 2440 2441 AND
2 1 274 1898 2442 AND
2 1 319 1854 2443 AND
2 1 2442 2443 2444 AND
2 1 2441 2444 2445 AND
2 1 134 2445 2446 AND
2 1 228 1873 2447 AND
2 1 319 1881 2448 AND
2 1 2447 2448 2449 AND
2 1 183 1890 2450 AND
2 1 274 1837 2451 AND
2 1 2450 2451 2452 AND
2 1 2449 2452 2453 AND
2 1 134 2453 2454 AND
2 1 2446 2454 2455 AND
2 1 183 1918 2456 AND
2 1 228 1935 2457 AND
2 1 2456 2457 2458 AND
2 1 274 1971 2459 AND
2 1 319 1927 2460 AND
2 1 2459 2460 2461 AND
2 1 2458 2461 2462 AND
2 1 134 2462 2463 AND
2 1 228 1946 2464 AND
2 1 319 1954 2465 AND
2 1 2464 2465 2466 AND
2 1 183 1963 2467 AND
2 1 274 1910 2468 AND
2 1 2467 2468 2469 AND
2 1 2466 2469 2470 AND
2 1 134 2470 2471 AND
2 1 2463 2471 2472 AND
2 1 183 1991 2473 AND
2 1 228 2008 2474 AND
2 1 2473 2474 2475 AND
2 1 274 2044 2476 AND
2 1 319 2000 2477 AND
2 1 2476 2477 2478 AND
2 1 2475 2478 2479 AND
2 1 134 2479 2480 AND
2 1 228 2019 2481 AND
2 1 319 2027 2482 AND
2 1 2481 2482 2483 AND
2 1 183 2036 2484 AND
2 1 274 1983 2485 AND
2 1 2484 2485 2486 AND
2 1 2483 2486 2487 AND
2 1 134 2487 2488 AND
2 1 2480 2488 2489 AND
2 1 183 2064 2490 AND
2 1 228 2081 2491 AND
2 1 2490 2491 2492 AND
2 1 274 2117 2493 AND
2 1 319 2073 2494 AND
2 1 2493 2494 2495 AND
2 1 2492 2495 2496 AND
2 1 134 2496 2497 AND
2 1 228 2092 2498 AND
2 1 319 2100 2499 AND
2 1 2498 2499 2500 AND
2 1 183 2109 2501 AND
2 1 274 2056 2502 AND
2 1 2501 2502 2503 AND
2 1 2500 2503 2504 AND
2 1 134 2504 2505 AND
2 1 2497 2505 2506 AND
2 1 183 2137 2507 AND
2 1 228 2154 2508 AND
2 1 2507 2508 2509 AND
2 1 274 2190 2510 AND
2 1 319 2146 2511 AND
2 1 2510 2511 2512 AND
2 1 2509 2512 2513 AND
2 1 134 2513 2514 AND
2 1 228 2165 2515 AND
2 1 319 2173 2516 AND
2 1 2515 2516 2517 AND
2 1 183 2182 2518 AND
2 1 274 2129 2519 AND
2 1 2518 2519 2520 AND
2 1 2517 2520 2521 AND
2 1 134 2521 2522 AND
2 1 2514 2522 2523 AND
2 1 183 2210 2524 AND
2 1 228 2227 2525 AND
2 1 2524 2525 2526 AND
2 1 274 2263 2527 AND
2 1 319 2219 2528 AND
2 1 2527 2528 2529 AND
2 1 2526 2529 2530 AND
2 1 134 2530 2531 AND
2 1 228 2238 2532 AND
2 1 319 2246 2533 AND
2 1 2532 2533 2534 AND
2 1 183 2255 2535 AND
2 1 274 2202 2536 AND
2 1 2535 2536 2537 AND
2 1 2534 2537 2538 AND
2 1 134 2538 2539 AND
2 1 2531 2539 2540 AND
2 1 183 318 2541 AND
2 1 228 273 2542 AND
2 1 2541 2542 2543 AND
2 1 274 410 2544 AND
2 1 319 366 2545 AND
2 1 2544 2545 2546 AND
2 1 2543 2546 2547 AND
2 1 134 2547 2548 AND
2 1 182 319 2549 AND
2 1 227 274 2550 AND
2 1 2549 2550 2551 AND
2 1 228 455 2552 AND
2 1 183 501 2553 AND
2 1 2552 2553 2554 AND
2 1 2551 2554 2555 AND
2 1 134 2555 2556 AND
2 1 2548 2556 2557 AND
2 1 183 714 2558 AND
2 1 228 662 2559 AND
2 1 2558 2559 2560 AND
2 1 274 922 2561 AND
2 1 319 821 2562 AND
2 1 2561 2562 2563 AND
2 1 2560 2563 2564 AND
2 1 134 2564 2565 AND
2 1 228 769 2566 AND
2 1 319 557 2567 AND
2 1 2566 2567 2568 AND
2 1 183 870 2569 AND
2 1 274 609 2570 AND
2 1 2569 2570 2571 AND
2 1 2568 2571 2572 AND
2 1 134 2572 2573 AND
2 1 2565 2573 2574 AND
2 1 183 1007 2575 AND
2 1 228 987 2576 AND
2 1 2575 2576 2577 AND
2 1 274 1093 2578 AND
2 1 319 1050 2579 AND
2 1 2578 2579 2580 AND
2 1 2577 2580 2581 AND
2 1 134 2581 2582 AND
2 1 228 1030 2583 AND
2 1 319 946 2584 AND
2 1 2583 2584 2585 AND
2 1 183 1073 2586 AND
2 1 274 966 2587 AND
2 1 2586 2587 2588 AND
2 1 2585 2588 2589 AND
2 1 134 2589 2590 AND
2 1 2582 2590 2591 AND
2 1 183 1133 2592 AND
2 1 274 1387 2593 AND
2 1 2592 2593 2594 AND
2 1 228 1206 2595 AND
2 1 319 1351 2596 AND
2 1 2595 2596 2597 AND
2 1 2594 2597 2598 AND
2 1 134 2598 2599 AND
2 1 228 1281 2600 AND
2 1 274 1169 2601 AND
2 1 2600 2601 2602 AND
2 1 183 1314 2603 AND
2 1 319 1242 2604 AND
2 1 2603 2604 2605 AND
2 1 2602 2605 2606 AND
2 1 134 2606 2607 AND
2 1 2599 2607 2608 AND
2 1 183 1424 2609 AND
2 1 228 1416 2610 AND
2 1 2609 2610 2611 AND
2 1 274 1452 2612 AND
2 1 319 1460 2613 AND
2 1 2612 2613 2614 AND
2 1 2611 2614 2615 AND
2 1 134 2615 2616 AND
2 1 319 1399 2617 AND
2 1 274 1407 2618 AND
2 1 2617 2618 2619 AND
2 1 228 1443 2620 AND
2 1 183 1435 2621 AND
2 1 2620 2621 2622 AND
2 1 2619 2622 2623 AND
2 1 134 2623 2624 AND
2 1 2616 2624 2625 AND
2 1 183 1497 2626 AND
2 1 228 1489 2627 AND
2 1 2626 2627 2628 AND
2 1 274 1525 2629 AND
2 1 319 1533 2630 AND
2 1 2629 2630 2631 AND
2 1 2628 2631 2632 AND
2 1 134 2632 2633 AND
2 1 319 1472 2634 AND
2 1 274 1480 2635 AND
2 1 2634 2635 2636 AND
2 1 228 1516 2637 AND
2 1 183 1508 2638 AND
2 1 2637 2638 2639 AND
2 1 2636 2639 2640 AND
2 1 134 2640 2641 AND
2 1 2633 2641 2642 AND
2 1 183 1570 2643 AND
2 1 228 1562 2644 AND
2 1 2643 2644 2645 AND
2 1 274 1598 2646 AND
2 1 319 1606 2647 AND
2 1 2646 2647 2648 AND
2 1 2645 2648 2649 AND
2 1 134 2649 2650 AND
2 1 319 1545 2651 AND
2 1 274 1553 2652 AND
2 1 2651 2652 2653 AND
2 1 228 1589 2654 AND
2 1 183 1581 2655 AND
2 1 2654 2655 2656 AND
2 1 2653 2656 2657 AND
2 1 134 2657 2658 AND
2 1 2650 2658 2659 AND
2 1 319 1679 2660 AND
2 1 274 1671 2661 AND
2 1 2660 2661 2662 AND
2 1 228 1635 2663 AND
2 1 183 1643 2664 AND
2 1 2663 2664 2665 AND
2 1 2662 2665 2666 AND
2 1 134 2666 2667 AND
2 1 183 1654 2668 AND
2 1 228 1662 2669 AND
2 1 2668 2669 2670 AND
2 1 274 1626 2671 AND
2 1 319 1618 2672 AND
2 1 2671 2672 2673 AND
2 1 2670 2673 2674 AND
2 1 134 2674 2675 AND
2 1 2667 2675 2676 AND
2 1 319 1752 2677 AND
2 1 274 1744 2678 AND
2 1 2677 2678 2679 AND
2 1 228 1708 2680 AND
2 1 183 1716 2681 AND
2 1 2680 2681 2682 AND
2 1 2679 2682 2683 AND
2 1 134 2683 2684 AND
2 1 183 1727 2685 AND
2 1 228 1735 2686 AND
2 1 2685 2686 2687 AND
2 1 274 1699 2688 AND
2 1 319 1691 2689 AND
2 1 2688 2689 2690 AND
2 1 2687 2690 2691 AND
2 1 134 2691 2692 AND
2 1 2684 2692 2693 AND
2 1 319 1825 2694 AND
2 1 274 1817 2695 AND
2 1 2694 2695 2696 AND
2 1 228 1781 2697 AND
2 1 183 1789 2698 AND
2 1 2697 2698 2699 AND
2 1 2696 2699 2700 AND
2 1 134 2700 2701 AND
2 1 183 1800 2702 AND
2 1 228 1808 2703 AND
2 1 2702 2703 2704 AND
2 1 274 1772 2705 AND
2 1 319 1764 2706 AND
2 1 2705 2706 2707 AND
2 1 2704 2707 2708 AND
2 1 134 2708 2709 AND
2 1 2701 2709 2710 AND
2 1 183 1862 2711 AND
2 1 228 1854 2712 AND
2 1 2711 2712 2713 AND
2 1 274 1890 2714 AND
2 1 319 1898 2715 AND
2 1 2714 2715 2716 AND
2 1 2713 2716 2717 AND
2 1 134 2717 2718 AND
2 1 183 1873 2719 AND
2 1 228 1881 2720 AND
2 1 2719 2720 2721 AND
2 1 274 1845 2722 AND
2 1 319 1837 2723 AND
2 1 2722 2723 2724 AND
2 1 2721 2724 2725 AND
2 1 134 2725 2726 AND
2 1 2718 2726 2727 AND
2 1 183 1935 2728 AND
2 1 228 1927 2729 AND
2 1 2728 2729 2730 AND
2 1 274 1963 2731 AND
2 1 319 1971 2732 AND
2 1 2731 2732 2733 AND
2 1 2730 2733 2734 AND
2 1 134 2734 2735 AND
2 1 183 1946 2736 AND
2 1 228 1954 2737 AND
2 1 2736 2737 2738 AND
2 1 274 1918 2739 AND
2 1 319 1910 2740 AND
2 1 2739 2740 2741 AND
2 1 2738 2741 2742 AND
2 1 134 2742 2743 AND
2 1 2735 2743 2744 AND
2 1 183 2008 2745 AND
2 1 228 2000 2746 AND
2 1 2745 2746 2747 AND
2 1 274 2036 2748 AND
2 1 319 2044 2749 AND
2 1 2748 2749 2750 AND
2 1 2747 2750 2751 AND
2 1 134 2751 2752 AND
2 1 183 2019 2753 AND
2 1 228 2027 2754 AND
2 1 2753 2754 2755 AND
2 1 274 1991 2756 AND
2 1 319 1983 2757 AND
2 1 2756 2757 2758 AND
2 1 2755 2758 2759 AND
2 1 134 2759 2760 AND
2 1 2752 2760 2761 AND
2 1 183 2081 2762 AND
2 1 228 2073 2763 AND
2 1 2762 2763 2764 AND
2 1 274 2109 2765 AND
2 1 319 2117 2766 AND
2 1 2765 2766 2767 AND
2 1 2764 2767 2768 AND
2 1 134 2768 2769 AND
2 1 183 2092 2770 AND
2 1 228 2100 2771 AND
2 1 2770 2771 2772 AND
2 1 274 2064 2773 AND
2 1 319 2056 2774 AND
2 1 2773 2774 2775 AND
2 1 2772 2775 2776 AND
2 1 134 2776 2777 AND
2 1 2769 2777 2778 AND
2 1 183 2154 2779 AND
2 1 228 2146 2780 AND
2 1 2779 2780 2781 AND
2 1 274 2182 2782 AND
2 1 319 2190 2783 AND
2 1 2782 2783 2784 AND
2 1 2781 2784 2785 AND
2 1 134 2785 2786 AND
2 1 183 2165 2787 AND
2 1 228 2173 2788 AND
2 1 2787 2788 2789 AND
2 1 274 2137 2790 AND
2 1 319 2129 2791 AND
2 1 2790 2791 2792 AND
2 1 2789 2792 2793 AND
2 1 134 2793 2794 AND
2 1 2786 2794 2795 AND
2 1 183 2227 2796 AND
2 1 228 2219 2797 AND
2 1 2796 2797 2798 AND
2 1 274 2255 2799 AND
2 1 319 2263 2800 AND
2 1 2799 2800 2801 AND
2 1 2798 2801 2802 AND
2 1 134 2802 2803 AND
2 1 183 2238 2804 AND
2 1 228 2246 2805 AND
2 1 2804 2805 2806 AND
2 1 274 2210 2807 AND
2 1 319 2202 2808 AND
2 1 2807 2808 2809 AND
2 1 2806 2809 2810 AND
2 1 134 2810 2811 AND
2 1 2803 2811 2812 AND
2 1 183 273 2813 AND
2 1 228 366 2814 AND
2 1 2813 2814 2815 AND
2 1 274 501 2816 AND
2 1 319 410 2817 AND
2 1 2816 2817 2818 AND
2 1 2815 2818 2819 AND
2 1 134 2819 2820 AND
2 1 182 228 2821 AND
2 1 227 319 2822 AND
2 1 2821 2822 2823 AND
2 1 183 455 2824 AND
2 1 274 318 2825 AND
2 1 2824 2825 2826 AND
2 1 2823 2826 2827 AND
2 1 134 2827 2828 AND
2 1 2820 2828 2829 AND
2 1 183 662 2830 AND
2 1 228 821 2831 AND
2 1 2830 2831 2832 AND
2 1 274 870 2833 AND
2 1 319 922 2834 AND
2 1 2833 2834 2835 AND
2 1 2832 2835 2836 AND
2 1 134 2836 2837 AND
2 1 183 769 2838 AND
2 1 228 557 2839 AND
2 1 2838 2839 2840 AND
2 1 274 714 2841 AND
2 1 319 609 2842 AND
2 1 2841 2842 2843 AND
2 1 2840 2843 2844 AND
2 1 134 2844 2845 AND
2 1 2837 2845 2846 AND
2 1 183 987 2847 AND
2 1 228 1050 2848 AND
2 1 2847 2848 2849 AND
2 1 274 1073 2850 AND
2 1 319 1093 2851 AND
2 1 2850 2851 2852 AND
2 1 2849 2852 2853 AND
2 1 134 2853 2854 AND
2 1 183 1030 2855 AND
2 1 228 946 2856 AND
2 1 2855 2856 2857 AND
2 1 274 1007 2858 AND
2 1 319 966 2859 AND
2 1 2858 2859 2860 AND
2 1 2857 2860 2861 AND
2 1 134 2861 2862 AND
2 1 2854 2862 2863 AND
2 1 274 1314 2864 AND
2 1 319 1387 2865 AND
2 1 2864 2865 2866 AND
2 1 183 1206 2867 AND
2 1 228 1351 2868 AND
2 1 2867 2868 2869 AND
2 1 2866 2869 2870 AND
2 1 134 2870 2871 AND
2 1 183 1281 2872 AND
2 1 274 1133 2873 AND
2 1 2872 2873 2874 AND
2 1 228 1242 2875 AND
2 1 319 1169 2876 AND
2 1 2875 2876 2877 AND
2 1 2874 2877 2878 AND
2 1 134 2878 2879 AND
2 1 2871 2879 2880 AND
2 1 274 1435 2881 AND
2 1 183 1416 2882 AND
2 1 2881 2882 2883 AND
2 1 319 1452 2884 AND
2 1 228 1460 2885 AND
2 1 2884 2885 2886 AND
2 1 2883 2886 2887 AND
2 1 134 2887 2888 AND
2 1 228 1399 2889 AND
2 1 319 1407 2890 AND
2 1 2889 2890 2891 AND
2 1 274 1424 2892 AND
2 1 183 1443 2893 AND
2 1 2892 2893 2894 AND
2 1 2891 2894 2895 AND
2 1 134 2895 2896 AND
2 1 2888 2896 2897 AND
2 1 274 1508 2898 AND
2 1 183 1489 2899 AND
2 1 2898 2899 2900 AND
2 1 319 1525 2901 AND
2 1 228 1533 2902 AND
2 1 2901 2902 2903 AND
2 1 2900 2903 2904 AND
2 1 134 2904 2905 AND
2 1 228 1472 2906 AND
2 1 319 1480 2907 AND
2 1 2906 2907 2908 AND
2 1 274 1497 2909 AND
2 1 183 1516 2910 AND
2 1 2909 2910 2911 AND
2 1 2908 2911 2912 AND
2 1 134 2912 2913 AND
2 1 2905 2913 2914 AND
2 1 274 1581 2915 AND
2 1 183 1562 2916 AND
2 1 2915 2916 2917 AND
2 1 319 1598 2918 AND
2 1 228 1606 2919 AND
2 1 2918 2919 2920 AND
2 1 2917 2920 2921 AND
2 1 134 2921 2922 AND
2 1 228 1545 2923 AND
2 1 319 1553 2924 AND
2 1 2923 2924 2925 AND
2 1 274 1570 2926 AND
2 1 183 1589 2927 AND
2 1 2926 2927 2928 AND
2 1 2925 2928 2929 AND
2 1 134 2929 2930 AND
2 1 2922 2930 2931 AND
2 1 274 1654 2932 AND
2 1 228 1679 2933 AND
2 1 2932 2933 2934 AND
2 1 183 1635 2935 AND
2 1 319 1671 2936 AND
2 1 2935 2936 2937 AND
2 1 2934 2937 2938 AND
2 1 134 2938 2939 AND
2 1 183 1662 2940 AND
2 1 228 1618 2941 AND
2 1 2940 2941 2942 AND
2 1 274 1643 2943 AND
2 1 319 1626 2944 AND
2 1 2943 2944 2945 AND
2 1 2942 2945 2946 AND
2 1 134 2946 2947 AND
2 1 2939 2947 2948 AND
2 1 274 1727 2949 AND
2 1 228 1752 2950 AND
2 1 2949 2950 2951 AND
2 1 183 1708 2952 AND
2 1 319 1744 2953 AND
2 1 2952 2953 2954 AND
2 1 2951 2954 2955 AND
2 1 134 2955 2956 AND
2 1 183 1735 2957 AND
2 1 228 1691 2958 AND
2 1 2957 2958 2959 AND
2 1 274 1716 2960 AND
2 1 319 1699 2961 AND
2 1 2960 2961 2962 AND
2 1 2959 2962 2963 AND
2 1 134 2963 2964 AND
2 1 2956 2964 2965 AND
2 1 274 1800 2966 AND
2 1 228 1825 2967 AND
2 1 2966 2967 2968 AND
2 1 183 1781 2969 AND
2 1 319 1817 2970 AND
2 1 2969 2970 2971 AND
2 1 2968 2971 2972 AND
2 1 134 2972 2973 AND
2 1 183 1808 2974 AND
2 1 228 1764 2975 AND
2 1 2974 2975 2976 AND
2 1 274 1789 2977 AND
2 1 319 1772 2978 AND
2 1 2977 2978 2979 AND
2 1 2976 2979 2980 AND
2 1 134 2980 2981 AND
2 1 2973 2981 2982 AND
2 1 274 1873 2983 AND
2 1 183 1854 2984 AND
2 1 2983 2984 2985 AND
2 1 319 1890 2986 AND
2 1 228 1898 2987 AND
2 1 2986 2987 2988 AND
2 1 2985 2988 2989 AND
2 1 134 2989 2990 AND
2 1 183 1881 2991 AND
2 1 228 1837 2992 AND
2 1 2991 2992 2993 AND
2 1 274 1862 2994 AND
2 1 319 1845 2995 AND
2 1 2994 2995 2996 AND
2 1 2993 2996 2997 AND
2 1 134 2997 2998 AND
2 1 2990 2998 2999 AND
2 1 274 1946 3000 AND
2 1 183 1927 3001 AND
2 1 3000 3001 3002 AND
2 1 319 1963 3003 AND
2 1 228 1971 3004 AND
2 1 3003 3004 3005 AND
2 1 3002 3005 3006 AND
2 1 134 3006 3007 AND
2 1 183 1954 3008 AND
2 1 228 1910 3009 AND
2 1 3008 3009 3010 AND
2 1 274 1935 3011 AND
2 1 319 1918 3012 AND
2 1 3011 3012 3013 AND
2 1 3010 3013 3014 AND
2 1 134 3014 3015 AND
2 1 3007 3015 3016 AND
2 1 274 2019 3017 AND
2 1 183 2000 3018 AND
2 1 3017 3018 3019 AND
2 1 319 2036 3020 AND
2 1 228 2044 3021 AND
2 1 3020 3021 3022 AND
2 1 3019 3022 3023 AND
2 1 134 3023 3024 AND
2 1 183 2027 3025 AND
2 1 228 1983 3026 AND
2 1 3025 3026 3027 AND
2 1 274 2008 3028 AND
2 1 319 1991 3029 AND
2 1 3028 3029 3030 AND
2 1 3027 3030 3031 AND
2 1 134 3031 3032 AND
2 1 3024 3032 3033 AND
2 1 274 2092 3034 AND
2 1 183 2073 3035 AND
2 1 3034 3035 3036 AND
2 1 319 2109 3037 AND
2 1 228 2117 3038 AND
2 1 3037 3038 3039 AND
2 1 3036 3039 3040 AND
2 1 134 3040 3041 AND
2 1 183 2100 3042 AND
2 1 228 2056 3043 AND
2 1 3042 3043 3044 AND
2 1 274 2081 3045 AND
2 1 319 2064 3046 AND
2 1 3045 3046 3047 AND
2 1 3044 3047 3048 AND
2 1 134 3048 3049 AND
2 1 3041 3049 3050 AND
2 1 274 2165 3051 AND
2 1 183 2146 3052 AND
2 1 3051 3052 3053 AND
2 1 319 2182 3054 AND
2 1 228 2190 3055 AND
2 1 3054 3055 3056 AND
2 1 3053 3056 3057 AND
2 1 134 3057 3058 AND
2 1 183 2173 3059 AND
2 1 228 2129 3060 AND
2 1 3059 3060 3061 AND
2 1 274 2154 3062 AND
2 1 319 2137 3063 AND
2 1 3062 3063 3064 AND
2 1 3061 3064 3065 AND
2 1 134 3065 3066 AND
2 1 3058 3066 3067 AND
2 1 274 2238 3068 AND
2 1 183 2219 3069 AND
2 1 3068 3069 3070 AND
2 1 319 2255 3071 AND
2 1 228 2263 3072 AND
2 1 3071 3072 3073 AND
2 1 3070 3073 3074 AND
2 1 134 3074 3075 AND
2 1 183 2246 3076 AND
2 1 228 2202 3077 AND
2 1 3076 3077 3078 AND
2 1 274 2227 3079 AND
2 1 319 2210 3080 AND
2 1 3079 3080 3081 AND
2 1 3078 3081 3082 AND
2 1 134 3082 3083 AND
2 1 3075 3083 3084 AND
2 1 134 504 3085 AND
2 1 134 322 3086 AND
2 1 3085 3086 3087 AND
2 1 134 925 3088 AND
2 1 134 717 3089 AND
2 1 3088 3089 3090 AND
2 1 134 1096 3091 AND
2 1 134 1010 3092 AND
2 1 3091 3092 3093 AND
2 1 134 1390 3094 AND
2 1 134 1245 3095 AND
2 1 3094 3095 3096 AND
2 1 134 1463 3097 AND
2 1 134 1427 3098 AND
2 1 3097 3098 3099 AND
2 1 134 1536 3100 AND
2 1 134 1500 3101 AND
2 1 3100 3101 3102 AND
2 1 134 1609 3103 AND
2 1 134 1573 3104 AND
2 1 3103 3104 3105 AND
2 1 134 1682 3106 AND
2 1 134 1646 3107 AND
2 1 3106 3107 3108 AND
2 1 134 1755 3109 AND
2 1 134 1719 3110 AND
2 1 3109 3110 3111 AND
2 1 134 1828 3112 AND
2 1 134 1792 3113 AND
2 1 3112 3113 3114 AND
2 1 134 1901 3115 AND
2 1 134 1865 3116 AND
2 1 3115 3116 3117 AND
2 1 134 1974 3118 AND
2 1 134 1938 3119 AND
2 1 3118 3119 3120 AND
2 1 134 2047 3121 AND
2 1 134 2011 3122 AND
2 1 3121 3122 3123 AND
2 1 134 2120 3124 AND
2 1 134 2084 3125 AND
2 1 3124 3125 3126 AND
2 1 134 2193 3127 AND
2 1 134 2157 3128 AND
2 1 3127 3128 3129 AND
2 1 134 2266 3130 AND
2 1 134 2230 3131 AND
2 1 3130 3131 3132 AND
2 1 134 2283 3133 AND
2 1 134 2275 3134 AND
2 1 3133 3134 3135 AND
2 1 134 2300 3136 AND
2 1 134 2292 3137 AND
2 1 3136 3137 3138 AND
2 1 134 2317 3139 AND
2 1 134 2309 3140 AND
2 1 3139 3140 3141 AND
2 1 134 2334 3142 AND
2 1 134 2326 3143 AND
2 1 3142 3143 3144 AND
2 1 134 2351 3145 AND
2 1 134 2343 3146 AND
2 1 3145 3146 3147 AND
2 1 134 2368 3148 AND
2 1 134 2360 3149 AND
2 1 3148 3149 3150 AND
2 1 134 2385 3151 AND
2 1 134 2377 3152 AND
2 1 3151 3152 3153 AND
2 1 134 2402 3154 AND
2 1 134 2394 3155 AND
2 1 3154 3155 3156 AND
2 1 134 2419 3157 AND
2 1 134 2411 3158 AND
2 1 3157 3158 3159 AND
2 1 134 2436 3160 AND
2 1 134 2428 3161 AND
2 1 3160 3161 3162 AND
2 1 134 2453 3163 AND
2 1 134 2445 3164 AND
2 1 3163 3164 3165 AND
2 1 134 2470 3166 AND
2 1 134 2462 3167 AND
2 1 3166 3167 3168 AND
2 1 134 2487 3169 AND
2 1 134 2479 3170 AND
2 1 3169 3170 3171 AND
2 1 134 2504 3172 AND
2 1 134 2496 3173 AND
2 1 3172 3173 3174 AND
2 1 134 2521 3175 AND
2 1 134 2513 3176 AND
2 1 3175 3176 3177 AND
2 1 134 2538 3178 AND
2 1 134 2530 3179 AND
2 1 3178 3179 3180 AND
2 1 134 2555 3181 AND
2 1 134 2547 3182 AND
2 1 3181 3182 3183 AND
2 1 134 2572 3184 AND
2 1 134 2564 3185 AND
2 1 3184 3185 3186 AND
2 1 134 2589 3187 AND
2 1 134 2581 3188 AND
2 1 3187 3188 3189 AND
2 1 134 2606 3190 AND
2 1 134 2598 3191 AND
2 1 3190 3191 3192 AND
2 1 134 2623 3193 AND
2 1 134 2615 3194 AND
2 1 3193 3194 3195 AND
2 1 134 2640 3196 AND
2 1 134 2632 3197 AND
2 1 3196 3197 3198 AND
2 1 134 2657 3199 AND
2 1 134 2649 3200 AND
2 1 3199 3200 3201 AND
2 1 134 2674 3202 AND
2 1 134 2666 3203 AND
2 1 3202 3203 3204 AND
2 1 134 2691 3205 AND
2 1 134 2683 3206 AND
2 1 3205 3206 3207 AND
2 1 134 2708 3208 AND
2 1 134 2700 3209 AND
2 1 3208 3209 3210 AND
2 1 134 2725 3211 AND
2 1 134 2717 3212 AND
2 1 3211 3212 3213 AND
2 1 134 2742 3214 AND
2 1 134 2734 3215 AND
2 1 3214 3215 3216 AND
2 1 134 2759 3217 AND
2 1 134 2751 3218 AND
2 1 3217 3218 3219 AND
2 1 134 2776 3220 AND
2 1 134 2768 3221 AND
2 1 3220 3221 3222 AND
2 1 134 2793 3223 AND
2 1 134 2785 3224 AND
2 1 3223 3224 3225 AND
2 1 134 2810 3226 AND
2 1 134 2802 3227 AND
2 1 3226 3227 3228 AND
2 1 134 2827 3229 AND
2 1 134 2819 3230 AND
2 1 3229 3230 3231 AND
2 1 134 2844 3232 AND
2 1 134 2836 3233 AND
2 1 3232 3233 3234 AND
2 1 134 2861 3235 AND
2 1 134 2853 3236 AND
2 1 3235 3236 3237 AND
2 1 134 2878 3238 AND
2 1 134 2870 3239 AND
2 1 3238 3239 3240 AND
2 1 134 2895 3241 AND
2 1 134 2887 3242 AND
2 1 3241 3242 3243 AND
2 1 134 2912 3244 AND
2 1 134 2904 3245 AND
2 1 3244 3245 3246 AND
2 1 134 2929 3247 AND
2 1 134 2921 3248 AND
2 1 3247 3248 3249 AND
2 1 134 2946 3250 AND
2 1 134 2938 3251 AND
2 1 3250 3251 3252 AND
2 1 134 2963 3253 AND
2 1 134 2955 3254 AND
2 1 3253 3254 3255 AND
2 1 134 2980 3256 AND
2 1 134 2972 3257 AND
2 1 3256 3257 3258 AND
2 1 134 2997 3259 AND
2 1 134 2989 3260 AND
2 1 3259 3260 3261 AND
2 1 134 3014 3262 AND
2 1 134 3006 3263 AND
2 1 3262 3263 3264 AND
2 1 134 3031 3265 AND
2 1 134 3023 3266 AND
2 1 3265 3266 3267 AND
2 1 134 3048 3268 AND
2 1 134 3040 3269 AND
2 1 3268 3269 3270 AND
2 1 134 3065 3271 AND
2 1 134 3057 3272 AND
2 1 3271 3272 3273 AND
2 1 134 3082 3274 AND
2 1 134 3074 3275 AND
2 1 3274 3275 3276 AND