2 1 0 9 13 AND
2 1 1 13 14 AND
2 1 3 5 11 AND
2 1 1 9 12 AND
2 1 11 12 15 AND
2 1 14 15 16 AND
2 1 0 9 17 AND
2 1 1 17 18 AND
2 1 1 9 19 AND
2 1 7 19 20 AND
2 1 18 20 21 AND
2 1 16 21 22 AND
2 1 2 22 23 AND
2 1 2 5 24 AND
2 1 0 24 25 AND
2 1 1 2 26 AND
2 1 25 26 27 AND
2 1 9 27 28 AND
2 1 2 3 29 AND
2 1 9 29 30 AND
2 1 0 3 31 AND
2 1 30 31 32 AND
2 1 1 32 33 AND
2 1 1 3 34 AND
2 1 33 34 35 AND
2 1 28 35 36 AND
2 1 7 36 37 AND
2 1 23 37 38 AND
2 1 8 38 39 AND
2 1 7 8 40 AND
2 1 5 40 41 AND
2 1 7 9 42 AND
2 1 41 42 43 AND
2 1 1 43 44 AND
2 1 1 7 45 AND
2 1 5 9 46 AND
2 1 45 46 47 AND
2 1 44 47 48 AND
2 1 0 2 49 AND
2 1 48 49 50 AND
2 1 2 9 51 AND
2 1 0 1 52 AND
2 1 51 52 53 AND
2 1 41 53 54 AND
2 1 50 54 55 AND
2 1 3 55 56 AND
2 1 39 56 57 AND
2 1 6 57 58 AND
2 1 0 2 59 AND
2 1 12 59 60 AND
2 1 5 60 61 AND
2 1 6 61 62 AND
2 1 9 0 65 XOR
2 1 1 65 66 AND
2 1 2 5 67 AND
2 1 66 67 68 AND
2 1 62 68 69 AND
2 1 8 69 70 AND
2 1 1 13 71 AND
2 1 8 71 72 AND
2 1 1 2 73 AND
2 1 17 73 74 AND
2 1 72 74 75 AND
2 1 5 75 76 AND
2 1 70 76 77 AND
2 1 3 77 78 AND
2 1 2 17 79 AND
2 1 6 79 80 AND
2 1 29 66 81 AND
2 1 80 81 82 AND
2 1 5 82 83 AND
2 1 2 9 84 AND
2 1 2 19 85 AND
2 1 84 85 86 AND
2 1 0 3 87 AND
2 1 6 87 88 AND
2 1 86 88 89 AND
2 1 83 89 90 AND
2 1 8 90 91 AND
2 1 2 3 92 AND
2 1 12 92 93 AND
2 1 1 8 94 AND
2 1 93 94 95 AND
2 1 0 95 96 AND
2 1 1 9 97 AND
2 1 2 6 98 AND
2 1 3 98 99 AND
2 1 97 99 100 AND
2 1 84 100 101 AND
2 1 8 101 102 AND
2 1 96 102 103 AND
2 1 5 103 104 AND
2 1 0 29 105 AND
2 1 8 97 106 AND
2 1 105 106 107 AND
2 1 104 107 108 AND
2 1 91 108 109 AND
2 1 78 109 110 AND
2 1 7 110 111 AND
2 1 58 111 112 AND
2 1 4 112 113 AND
2 1 8 9 114 AND
2 1 6 114 115 AND
2 1 4 8 116 AND
2 1 6 116 117 AND
2 1 115 117 118 AND
2 1 5 118 119 AND
2 1 6 9 120 AND
2 1 4 9 121 AND
2 1 120 121 122 AND
2 1 5 6 123 AND
2 1 8 123 124 AND
2 1 122 124 125 AND
2 1 119 125 126 AND
2 1 1 3 127 AND
2 1 2 127 128 AND
2 1 0 7 129 AND
2 1 128 129 130 AND
2 1 126 130 131 AND
2 1 113 131 132 AND
2 1 0 8 133 AND
2 1 84 133 134 AND
2 1 0 9 63 AND
2 1 2 8 135 AND
2 1 63 135 136 AND
2 1 134 136 137 AND
2 1 5 137 138 AND
2 1 5 8 139 AND
2 1 6 9 140 AND
2 1 139 140 141 AND
2 1 0 141 142 AND
2 1 8 140 143 AND
2 1 8 46 144 AND
2 1 143 144 145 AND
2 1 142 145 146 AND
2 1 2 146 147 AND
2 1 138 147 148 AND
2 1 4 148 149 AND
2 1 5 8 151 AND
2 1 116 151 152 AND
2 1 6 152 153 AND
2 1 121 153 154 AND
2 1 6 9 150 AND
2 1 59 150 155 AND
2 1 154 155 156 AND
2 1 149 156 157 AND
2 1 1 157 158 AND
2 1 6 8 159 AND
2 1 0 159 160 AND
2 1 141 160 161 AND
2 1 0 5 162 AND
2 1 8 9 163 AND
2 1 162 163 164 AND
2 1 161 164 165 AND
2 1 2 165 166 AND
2 1 6 8 167 AND
2 1 0 6 168 AND
2 1 2 168 169 AND
2 1 139 169 170 AND
2 1 167 170 171 AND
2 1 9 171 172 AND
2 1 166 172 173 AND
2 1 1 173 174 AND
2 1 6 8 175 AND
2 1 51 175 176 AND
2 1 174 176 177 AND
2 1 4 177 178 AND
2 1 158 178 179 AND
2 1 3 179 180 AND
2 1 1 5 212 AND
2 1 3 8 213 AND
2 1 1 2 214 AND
2 1 213 214 215 AND
2 1 212 215 216 AND
2 1 0 216 217 AND
2 1 5 29 218 AND
2 1 3 26 219 AND
2 1 218 219 220 AND
2 1 217 220 221 AND
2 1 6 221 222 AND
2 1 151 219 223 AND
2 1 222 223 224 AND
2 1 9 224 227 AND
2 1 5 135 181 AND
2 1 3 8 182 AND
2 1 139 182 183 AND
2 1 0 183 184 AND
2 1 181 184 185 AND
2 1 1 185 186 AND
2 1 3 8 187 AND
2 1 2 187 188 AND
2 1 0 188 189 AND
2 1 2 8 190 AND
2 1 0 190 191 AND
2 1 5 0 193 XOR
2 1 191 193 194 AND
2 1 1 194 195 AND
2 1 189 195 196 AND
2 1 186 196 197 AND
2 1 6 197 198 AND
2 1 1 6 199 AND
2 1 2 199 200 AND
2 1 1 8 201 AND
2 1 3 201 202 AND
2 1 200 202 203 AND
2 1 1 6 205 AND
2 1 0 1 206 AND
2 1 205 206 207 AND
2 1 0 8 204 AND
2 1 2 204 208 AND
2 1 207 208 209 AND
2 1 203 209 210 AND
2 1 5 210 211 AND
2 1 9 211 225 AND
2 1 198 225 226 AND
2 1 227 226 228 XOR
2 1 4 228 229 AND
2 1 180 229 230 AND
2 1 7 230 231 AND
2 1 79 206 233 AND
2 1 2 52 232 AND
2 1 8 232 234 AND
2 1 233 234 235 AND
2 1 19 190 236 AND
2 1 235 236 237 AND
2 1 7 237 238 AND
2 1 53 238 239 AND
2 1 4 6 240 AND
2 1 11 240 241 AND
2 1 239 241 242 AND
2 1 231 242 243 AND
2 1 34 163 245 AND
2 1 3 9 244 AND
2 1 6 244 246 AND
2 1 245 246 247 AND
2 1 3 190 248 AND
2 1 5 248 249 AND
2 1 2 5 250 AND
2 1 3 250 251 AND
2 1 8 251 252 AND
2 1 249 252 253 AND
2 1 1 253 254 AND
2 1 5 6 255 AND
2 1 8 255 256 AND
2 1 127 256 257 AND
2 1 254 257 258 AND
2 1 9 258 259 AND
2 1 1 8 264 AND
2 1 6 264 265 AND
2 1 9 265 266 AND
2 1 2 266 267 AND
2 1 1 163 268 AND
2 1 267 268 269 AND
2 1 3 269 270 AND
2 1 1 188 260 AND
2 1 2 175 261 AND
2 1 260 261 262 AND
2 1 5 262 263 AND
2 1 6 8 271 AND
2 1 1 244 272 AND
2 1 271 272 273 AND
2 1 263 273 274 AND
2 1 270 274 275 AND
2 1 259 275 276 AND
2 1 247 276 277 AND
2 1 4 277 278 AND
2 1 8 9 279 AND
2 1 167 279 280 AND
2 1 5 280 281 AND
2 1 3 4 282 AND
2 1 1 282 283 AND
2 1 2 283 284 AND
2 1 281 284 285 AND
2 1 278 285 286 AND
2 1 0 286 287 AND
2 1 5 84 291 AND
2 1 0 9 64 AND
2 1 8 64 288 AND
2 1 5 114 289 AND
2 1 288 289 290 AND
2 1 291 290 292 XOR
2 1 1 292 293 AND
2 1 9 8 294 XOR
2 1 97 294 295 AND
2 1 2 295 296 AND
2 1 293 296 297 AND
2 1 3 297 298 AND
2 1 1 3 299 AND
2 1 5 299 300 AND
2 1 2 114 301 AND
2 1 300 301 302 AND
2 1 1 8 303 AND
2 1 30 303 304 AND
2 1 302 304 305 AND
2 1 0 305 306 AND
2 1 298 306 307 AND
2 1 6 307 308 AND
2 1 0 5 192 AND
2 1 1 9 309 AND
2 1 2 309 310 AND
2 1 303 310 311 AND
2 1 6 311 312 AND
2 1 51 8 314 XOR
2 1 312 314 315 AND
2 1 3 315 316 AND
2 1 6 12 317 AND
2 1 19 317 318 AND
2 1 8 318 319 AND
2 1 9 1 320 XOR
2 1 182 320 321 AND
2 1 319 321 322 AND
2 1 2 322 323 AND
2 1 316 323 324 AND
2 1 192 324 325 AND
2 1 308 325 326 AND
2 1 4 326 327 AND
2 1 287 327 328 AND
2 1 7 328 329 AND
2 1 40 64 331 AND
2 1 63 331 332 AND
2 1 1 332 333 AND
2 1 17 201 334 AND
2 1 333 334 335 AND
2 1 5 6 330 AND
2 1 4 29 336 AND
2 1 330 336 337 AND
2 1 335 337 338 AND
2 1 329 338 339 AND
2 1 3 150 340 AND
2 1 2 6 341 AND
2 1 340 341 342 AND
2 1 4 342 343 AND
2 1 8 9 344 AND
2 1 330 344 345 AND
2 1 123 345 346 AND
2 1 2 282 347 AND
2 1 346 347 348 AND
2 1 343 348 349 AND
2 1 1 349 350 AND
2 1 5 8 351 AND
2 1 150 351 352 AND
2 1 144 352 353 AND
2 1 2 353 354 AND
2 1 5 175 355 AND
2 1 3 355 356 AND
2 1 256 356 357 AND
2 1 354 357 358 AND
2 1 1 358 359 AND
2 1 2 255 360 AND
2 1 359 360 361 AND
2 1 4 361 362 AND
2 1 350 362 363 AND
2 1 0 363 364 AND
2 1 2 183 365 AND
2 1 2 351 366 AND
2 1 9 366 367 AND
2 1 365 367 368 AND
2 1 5 9 369 AND
2 1 8 369 370 AND
2 1 3 370 371 AND
2 1 2 371 372 AND
2 1 6 213 373 AND
2 1 3 5 374 AND
2 1 373 374 375 AND
2 1 372 375 376 AND
2 1 368 376 377 AND
2 1 1 377 378 AND
2 1 3 255 379 AND
2 1 181 205 380 AND
2 1 379 380 381 AND
2 1 9 381 382 AND
2 1 378 382 383 AND
2 1 0 383 384 AND
2 1 29 255 385 AND
2 1 3 6 386 AND
2 1 2 386 387 AND
2 1 385 387 388 AND
2 1 9 388 389 AND
2 1 9 255 390 AND
2 1 386 390 391 AND
2 1 8 391 392 AND
2 1 389 392 393 AND
2 1 1 393 394 AND
2 1 46 167 395 AND
2 1 2 395 396 AND
2 1 6 369 397 AND
2 1 309 351 398 AND
2 1 397 398 399 AND
2 1 396 399 400 AND
2 1 3 400 401 AND
2 1 1 279 402 AND
2 1 255 402 403 AND
2 1 401 403 404 AND
2 1 394 404 405 AND
2 1 384 405 406 AND
2 1 4 406 407 AND
2 1 364 407 408 AND
2 1 7 408 409 AND
2 1 4 232 410 AND
2 1 4 3 412 XOR
2 1 0 214 413 AND
2 1 412 413 414 AND
2 1 410 414 415 AND
2 1 7 123 416 AND
2 1 415 416 417 AND
2 1 52 347 418 AND
2 1 3 4 411 AND
2 1 411 413 419 AND
2 1 418 419 420 AND
2 1 416 420 421 AND
2 1 1 5 422 AND
2 1 2 422 423 AND
2 1 6 9 424 AND
2 1 423 424 425 AND
2 1 5 309 426 AND
2 1 425 426 427 AND
2 1 0 427 428 AND
2 1 0 2 429 AND
2 1 46 429 430 AND
2 1 428 430 431 AND
2 1 8 431 432 AND
2 1 2 13 433 AND
2 1 106 433 434 AND
2 1 5 434 435 AND
2 1 6 294 436 AND
2 1 9 2 437 XOR
2 1 436 437 438 AND
2 1 435 438 439 AND
2 1 432 439 440 AND
2 1 7 440 441 AND
2 1 7 9 442 AND
2 1 8 442 443 AND
2 1 73 443 444 AND
2 1 85 444 445 AND
2 1 0 445 446 AND
2 1 133 309 447 AND
2 1 114 447 448 AND
2 1 2 7 449 AND
2 1 448 449 450 AND
2 1 446 450 451 AND
2 1 330 451 452 AND
2 1 441 452 453 AND
2 1 3 453 454 AND
2 1 106 309 455 AND
2 1 0 455 456 AND
2 1 2 19 457 AND
2 1 0 6 458 AND
2 1 201 320 459 AND
2 1 458 459 460 AND
2 1 457 460 461 AND
2 1 456 461 462 AND
2 1 5 462 463 AND
2 1 8 206 464 AND
2 1 0 159 465 AND
2 1 94 465 466 AND
2 1 2 466 467 AND
2 1 464 467 468 AND
2 1 9 468 469 AND
2 1 0 8 470 AND
2 1 192 470 471 AND
2 1 19 471 472 AND
2 1 469 472 473 AND
2 1 463 473 474 AND
2 1 3 474 475 AND
2 1 8 458 485 AND
2 1 192 485 486 AND
2 1 2 9 487 AND
2 1 486 487 488 AND
2 1 2 8 489 AND
2 1 13 489 490 AND
2 1 488 490 491 AND
2 1 1 491 494 AND
2 1 2 5 476 AND
2 1 65 476 477 AND
2 1 6 250 478 AND
2 1 13 478 479 AND
2 1 477 479 480 AND
2 1 8 480 481 AND
2 1 2 114 482 AND
2 1 288 482 483 AND
2 1 6 483 484 AND
2 1 1 484 492 AND
2 1 481 492 493 AND
2 1 494 493 495 XOR
2 1 475 495 496 AND
2 1 7 496 497 AND
2 1 454 497 498 AND
2 1 4 498 499 AND
2 1 1 4 500 AND
2 1 105 500 501 AND
2 1 123 501 502 AND
2 1 7 502 503 AND
2 1 499 503 504 AND
2 1 3 8 505 AND
2 1 140 505 506 AND
2 1 0 506 507 AND
2 1 9 159 511 AND
2 1 204 386 508 AND
2 1 9 271 509 AND
2 1 508 509 510 AND
2 1 511 510 512 XOR
2 1 507 512 513 AND
2 1 2 513 514 AND
2 1 344 3 515 XOR
2 1 133 515 516 AND
2 1 3 344 517 AND
2 1 6 517 518 AND
2 1 516 518 519 AND
2 1 2 519 520 AND
2 1 3 115 521 AND
2 1 520 521 522 AND
2 1 514 522 523 AND
2 1 1 523 524 AND
2 1 63 163 525 AND
2 1 2 6 526 AND
2 1 525 526 527 AND
2 1 0 436 528 AND
2 1 527 528 529 AND
2 1 3 529 530 AND
2 1 0 135 531 AND
2 1 465 531 532 AND
2 1 9 532 533 AND
2 1 6 182 534 AND
2 1 482 534 535 AND
2 1 533 535 536 AND
2 1 530 536 537 AND
2 1 1 537 538 AND
2 1 2 3 539 AND
2 1 9 271 540 AND
2 1 539 540 541 AND
2 1 538 541 542 AND
2 1 524 542 543 AND
2 1 5 543 544 AND
2 1 0 437 545 AND
2 1 5 9 546 AND
2 1 0 546 547 AND
2 1 545 547 548 AND
2 1 8 548 549 AND
2 1 84 151 550 AND
2 1 549 550 551 AND
2 1 3 551 552 AND
2 1 3 5 553 AND
2 1 51 553 554 AND
2 1 0 554 555 AND
2 1 3 476 556 AND
2 1 555 556 557 AND
2 1 8 557 558 AND
2 1 539 546 559 AND
2 1 558 559 560 AND
2 1 552 560 561 AND
2 1 1 561 562 AND
2 1 2 3 563 AND
2 1 2 31 564 AND
2 1 294 564 565 AND
2 1 563 565 566 AND
2 1 5 566 567 AND
2 1 2 114 313 AND
2 1 31 313 568 AND
2 1 567 568 569 AND
2 1 1 569 570 AND
2 1 8 369 571 AND
2 1 563 571 572 AND
2 1 570 572 573 AND
2 1 562 573 574 AND
2 1 6 574 575 AND
2 1 544 575 576 AND
2 1 7 576 577 AND
2 1 294 429 578 AND
2 1 9 40 579 AND
2 1 49 579 580 AND
2 1 578 580 581 AND
2 1 11 205 582 AND
2 1 581 582 583 AND
2 1 577 583 584 AND
2 1 4 584 585 AND
2 1 24 87 586 AND
2 1 4 7 587 AND
2 1 205 587 588 AND
2 1 586 588 589 AND
2 1 585 589 590 AND
2 1 214 546 591 AND
2 1 272 591 592 AND
2 1 0 592 593 AND
2 1 1 5 594 AND
2 1 11 594 595 AND
2 1 97 244 596 AND
2 1 595 596 597 AND
2 1 2 597 598 AND
2 1 320 422 599 AND
2 1 92 599 600 AND
2 1 598 600 601 AND
2 1 593 601 602 AND
2 1 8 602 603 AND
2 1 250 553 612 AND
2 1 248 612 613 AND
2 1 1 613 614 AND
2 1 162 299 615 AND
2 1 190 615 616 AND
2 1 614 616 617 AND
2 1 9 617 620 AND
2 1 2 87 604 AND
2 1 595 604 605 AND
2 1 127 192 606 AND
2 1 605 606 607 AND
2 1 8 607 608 AND
2 1 5 204 609 AND
2 1 26 553 610 AND
2 1 609 610 611 AND
2 1 9 611 618 AND
2 1 608 618 619 AND
2 1 620 619 621 XOR
2 1 603 621 622 AND
2 1 6 622 623 AND
2 1 1 114 624 AND
2 1 2 624 625 AND
2 1 317 625 626 AND
2 1 0 626 627 AND
2 1 6 94 628 AND
2 1 2 628 629 AND
2 1 8 19 630 AND
2 1 317 630 631 AND
2 1 629 631 632 AND
2 1 627 632 633 AND
2 1 374 633 634 AND
2 1 623 634 635 AND
2 1 7 635 636 AND
2 1 190 0 637 XOR
2 1 2 8 638 AND
2 1 638 9 639 XOR
2 1 637 639 640 AND
2 1 1 640 641 AND
2 1 309 531 642 AND
2 1 641 642 643 AND
2 1 6 11 644 AND
2 1 643 644 645 AND
2 1 636 645 646 AND
2 1 4 646 647 AND
2 1 11 587 648 AND
2 1 413 648 649 AND
2 1 647 649 650 AND
2 1 4 330 671 AND
2 1 3 671 672 AND
2 1 3 140 659 AND
2 1 204 397 670 AND
2 1 659 670 673 AND
2 1 672 673 674 AND
2 1 2 674 677 AND
2 1 3 46 658 AND
2 1 8 369 675 AND
2 1 658 675 676 AND
2 1 2 676 678 AND
2 1 1 678 679 AND
2 1 677 679 680 AND
2 1 5 92 681 AND
2 1 6 681 682 AND
2 1 680 682 683 AND
2 1 204 659 660 AND
2 1 658 660 661 AND
2 1 2 661 662 AND
2 1 5 344 663 AND
2 1 387 663 664 AND
2 1 6 571 665 AND
2 1 3 665 666 AND
2 1 664 666 667 AND
2 1 662 667 668 AND
2 1 1 668 669 AND
2 1 7 128 655 AND
2 1 0 655 656 AND
2 1 7 92 657 AND
2 1 656 657 684 AND
2 1 669 684 685 AND
2 1 683 685 686 AND
2 1 4 128 651 AND
2 1 192 387 652 AND
2 1 7 652 653 AND
2 1 624 653 654 AND
2 1 651 654 687 AND
2 1 686 687 688 AND
2 1 8 18 689 AND
2 1 14 689 690 AND
2 1 2 411 691 AND
2 1 690 691 692 AND
2 1 418 692 693 AND
2 1 7 330 694 AND
2 1 693 694 695 AND