2 1 3 4 9 AND
2 1 0 1 11 AND
2 1 9 11 12 AND
2 1 2 12 13 AND
2 1 4 3 14 XOR
2 1 1 4 15 AND
2 1 14 15 16 AND
2 1 2 16 17 AND
2 1 13 17 18 AND
2 1 0 9 19 AND
2 1 1 19 20 AND
2 1 3 4 21 AND
2 1 1 21 22 AND
2 1 20 22 23 AND
2 1 2 23 24 AND
2 1 3 4 25 AND
2 1 1 25 26 AND
2 1 2 26 27 AND
2 1 24 27 28 AND
2 1 0 4 30 AND
2 1 14 30 31 AND
2 1 1 31 32 AND
2 1 20 32 33 AND
2 1 2 33 34 AND
2 1 1 2 38 AND
2 1 21 38 39 AND
2 1 0 4 35 AND
2 1 14 35 36 AND
2 1 36 38 40 AND
2 1 39 40 41 AND
2 1 0 21 52 AND
2 1 2 52 55 AND
2 1 0 3 42 AND
2 1 4 5 43 AND
2 1 42 43 44 AND
2 1 5 6 47 AND
2 1 4 47 48 AND
2 1 3 48 49 AND
2 1 0 49 50 AND
2 1 44 50 51 AND
2 1 1 2 53 AND
2 1 51 53 54 AND
2 1 55 54 56 XOR
2 1 4 6 57 AND
2 1 3 57 58 AND
2 1 2 58 59 AND
2 1 2 21 37 AND
2 1 1 37 60 AND
2 1 59 60 61 AND
2 1 0 1 63 AND
2 1 3 63 64 AND
2 1 14 64 65 AND
2 1 2 65 66 AND
2 1 2 3 67 AND
2 1 4 67 68 AND
2 1 66 68 69 AND
2 1 19 38 70 AND
2 1 0 1 8 AND
2 1 8 9 10 AND
2 1 1 36 71 AND
2 1 10 71 72 AND
2 1 2 72 73 AND
2 1 70 73 74 AND
2 1 0 21 75 AND
2 1 2 75 76 AND
2 1 2 14 77 AND
2 1 1 77 78 AND
2 1 76 78 79 AND
2 1 1 75 80 AND
2 1 1 9 81 AND
2 1 2 81 82 AND
2 1 80 82 83 AND
2 1 27 83 84 AND
2 1 3 30 85 AND
2 1 1 85 86 AND
2 1 1 14 62 AND
2 1 2 62 87 AND
2 1 86 87 88 AND
2 1 37 88 89 AND
2 1 0 25 90 AND
2 1 38 90 91 AND
2 1 4 11 92 AND
2 1 3 92 93 AND
2 1 2 93 94 AND
2 1 1 3 95 AND
2 1 4 95 96 AND
2 1 2 96 97 AND
2 1 94 97 98 AND
2 1 0 2 99 AND
2 1 25 99 100 AND
2 1 2 90 101 AND
2 1 3 4 29 AND
2 1 0 29 102 AND
2 1 1 2 103 AND
2 1 102 103 104 AND
2 1 0 29 105 AND
2 1 103 105 107 AND
2 1 1 2 108 AND
2 1 105 108 109 AND
2 1 102 108 110 AND
2 1 2 25 111 AND
2 1 4 5 45 AND
2 1 3 45 46 AND
2 1 46 63 112 AND
2 1 8 29 113 AND
2 1 2 113 114 AND
2 1 112 114 115 AND
2 1 9 63 116 AND
2 1 2 116 117 AND
2 1 115 117 118 AND
2 1 5 6 119 AND
2 1 9 119 120 AND
2 1 0 120 121 AND
2 1 1 121 122 AND
2 1 1 105 106 AND
2 1 2 106 123 AND
2 1 122 123 124 AND
2 1 49 63 125 AND
2 1 2 125 126 AND
2 1 117 126 127 AND
2 1 1 0 128 XOR
2 1 21 128 129 AND
2 1 2 129 130 AND
2 1 38 52 131 AND