2 1 4 5 9 AND
2 1 6 7 10 AND
2 1 9 10 11 AND
2 1 0 2 12 AND
2 1 1 3 13 AND
2 1 12 13 14 AND
2 1 11 14 15 AND
2 1 0 2 16 AND
2 1 13 16 17 AND
2 1 11 17 18 AND
2 1 1 3 19 AND
2 1 12 19 20 AND
2 1 11 20 21 AND
2 1 16 19 22 AND
2 1 11 22 23 AND
2 1 0 2 24 AND
2 1 13 24 25 AND
2 1 11 25 26 AND
2 1 0 2 27 AND
2 1 13 27 28 AND
2 1 11 28 29 AND
2 1 19 24 30 AND
2 1 11 30 31 AND
2 1 19 27 32 AND
2 1 11 32 33 AND
2 1 1 3 34 AND
2 1 12 34 35 AND
2 1 11 35 36 AND
2 1 16 34 37 AND
2 1 11 37 38 AND
2 1 1 3 39 AND
2 1 12 39 40 AND
2 1 11 40 41 AND
2 1 16 39 42 AND
2 1 11 42 43 AND
2 1 24 34 44 AND
2 1 11 44 45 AND
2 1 27 34 46 AND
2 1 11 46 47 AND
2 1 24 39 48 AND
2 1 11 48 49 AND
2 1 27 39 50 AND
2 1 11 50 51 AND
2 1 4 5 52 AND
2 1 10 52 53 AND
2 1 14 53 54 AND
2 1 17 53 55 AND
2 1 20 53 56 AND
2 1 22 53 57 AND
2 1 25 53 58 AND
2 1 28 53 59 AND
2 1 30 53 60 AND
2 1 32 53 61 AND
2 1 35 53 62 AND
2 1 37 53 63 AND
2 1 40 53 64 AND
2 1 42 53 65 AND
2 1 44 53 66 AND
2 1 46 53 67 AND
2 1 48 53 68 AND
2 1 50 53 69 AND
2 1 4 5 70 AND
2 1 10 70 71 AND
2 1 14 71 72 AND
2 1 17 71 73 AND
2 1 20 71 74 AND
2 1 22 71 75 AND
2 1 25 71 76 AND
2 1 28 71 77 AND
2 1 30 71 78 AND
2 1 32 71 79 AND
2 1 35 71 80 AND
2 1 37 71 81 AND
2 1 40 71 82 AND
2 1 42 71 83 AND
2 1 44 71 84 AND
2 1 46 71 85 AND
2 1 48 71 86 AND
2 1 50 71 87 AND
2 1 4 5 88 AND
2 1 10 88 89 AND
2 1 14 89 90 AND
2 1 17 89 91 AND
2 1 20 89 92 AND
2 1 22 89 93 AND
2 1 25 89 94 AND
2 1 28 89 95 AND
2 1 30 89 96 AND
2 1 32 89 97 AND
2 1 35 89 98 AND
2 1 37 89 99 AND
2 1 40 89 100 AND
2 1 42 89 101 AND
2 1 44 89 102 AND
2 1 46 89 103 AND
2 1 48 89 104 AND
2 1 50 89 105 AND
2 1 6 7 106 AND
2 1 9 106 107 AND
2 1 14 107 108 AND
2 1 17 107 109 AND
2 1 20 107 110 AND
2 1 22 107 111 AND
2 1 25 107 112 AND
2 1 28 107 113 AND
2 1 30 107 114 AND
2 1 32 107 115 AND
2 1 35 107 116 AND
2 1 37 107 117 AND
2 1 40 107 118 AND
2 1 42 107 119 AND
2 1 44 107 120 AND
2 1 46 107 121 AND
2 1 48 107 122 AND
2 1 50 107 123 AND
2 1 52 106 124 AND
2 1 14 124 125 AND
2 1 17 124 126 AND
2 1 20 124 127 AND
2 1 22 124 128 AND
2 1 25 124 129 AND
2 1 28 124 130 AND
2 1 30 124 131 AND
2 1 32 124 132 AND
2 1 35 124 133 AND
2 1 37 124 134 AND
2 1 40 124 135 AND
2 1 42 124 136 AND
2 1 44 124 137 AND
2 1 46 124 138 AND
2 1 48 124 139 AND
2 1 50 124 140 AND
2 1 70 106 141 AND
2 1 14 141 142 AND
2 1 17 141 143 AND
2 1 20 141 144 AND
2 1 22 141 145 AND
2 1 25 141 146 AND
2 1 28 141 147 AND
2 1 30 141 148 AND
2 1 32 141 149 AND
2 1 35 141 150 AND
2 1 37 141 151 AND
2 1 40 141 152 AND
2 1 42 141 153 AND
2 1 44 141 154 AND
2 1 46 141 155 AND
2 1 48 141 156 AND
2 1 50 141 157 AND
2 1 88 106 158 AND
2 1 14 158 159 AND
2 1 17 158 160 AND
2 1 20 158 161 AND
2 1 22 158 162 AND
2 1 25 158 163 AND
2 1 28 158 164 AND
2 1 30 158 165 AND
2 1 32 158 166 AND
2 1 35 158 167 AND
2 1 37 158 168 AND
2 1 40 158 169 AND
2 1 42 158 170 AND
2 1 44 158 171 AND
2 1 46 158 172 AND
2 1 48 158 173 AND
2 1 50 158 174 AND
2 1 6 7 175 AND
2 1 9 175 176 AND
2 1 14 176 177 AND
2 1 17 176 178 AND
2 1 20 176 179 AND
2 1 22 176 180 AND
2 1 25 176 181 AND
2 1 28 176 182 AND
2 1 30 176 183 AND
2 1 32 176 184 AND
2 1 35 176 185 AND
2 1 37 176 186 AND
2 1 40 176 187 AND
2 1 42 176 188 AND
2 1 44 176 189 AND
2 1 46 176 190 AND
2 1 48 176 191 AND
2 1 50 176 192 AND
2 1 52 175 193 AND
2 1 14 193 194 AND
2 1 17 193 195 AND
2 1 20 193 196 AND
2 1 22 193 197 AND
2 1 25 193 198 AND
2 1 28 193 199 AND
2 1 30 193 200 AND
2 1 32 193 201 AND
2 1 35 193 202 AND
2 1 37 193 203 AND
2 1 40 193 204 AND
2 1 42 193 205 AND
2 1 44 193 206 AND
2 1 46 193 207 AND
2 1 48 193 208 AND
2 1 50 193 209 AND
2 1 70 175 210 AND
2 1 14 210 211 AND
2 1 17 210 212 AND
2 1 20 210 213 AND
2 1 22 210 214 AND
2 1 25 210 215 AND
2 1 28 210 216 AND
2 1 30 210 217 AND
2 1 32 210 218 AND
2 1 35 210 219 AND
2 1 37 210 220 AND
2 1 40 210 221 AND
2 1 42 210 222 AND
2 1 44 210 223 AND
2 1 46 210 224 AND
2 1 48 210 225 AND
2 1 50 210 226 AND
2 1 88 175 227 AND
2 1 14 227 228 AND
2 1 17 227 229 AND
2 1 20 227 230 AND
2 1 22 227 231 AND
2 1 25 227 232 AND
2 1 28 227 233 AND
2 1 30 227 234 AND
2 1 32 227 235 AND
2 1 35 227 236 AND
2 1 37 227 237 AND
2 1 40 227 238 AND
2 1 42 227 239 AND
2 1 44 227 240 AND
2 1 46 227 241 AND
2 1 48 227 242 AND
2 1 50 227 243 AND
2 1 6 7 244 AND
2 1 9 244 245 AND
2 1 14 245 246 AND
2 1 17 245 247 AND
2 1 20 245 248 AND
2 1 22 245 249 AND
2 1 25 245 250 AND
2 1 28 245 251 AND
2 1 30 245 252 AND
2 1 32 245 253 AND
2 1 35 245 254 AND
2 1 37 245 255 AND
2 1 40 245 256 AND
2 1 42 245 257 AND
2 1 44 245 258 AND
2 1 46 245 259 AND
2 1 48 245 260 AND
2 1 50 245 261 AND
2 1 52 244 262 AND
2 1 14 262 263 AND
2 1 17 262 264 AND
2 1 20 262 265 AND
2 1 22 262 266 AND
2 1 25 262 267 AND
2 1 28 262 268 AND
2 1 30 262 269 AND
2 1 32 262 270 AND
2 1 35 262 271 AND
2 1 37 262 272 AND
2 1 40 262 273 AND
2 1 42 262 274 AND
2 1 44 262 275 AND
2 1 46 262 276 AND
2 1 48 262 277 AND
2 1 50 262 278 AND
2 1 70 244 279 AND
2 1 14 279 280 AND
2 1 17 279 281 AND
2 1 20 279 282 AND
2 1 22 279 283 AND
2 1 25 279 284 AND
2 1 28 279 285 AND
2 1 30 279 286 AND
2 1 32 279 287 AND
2 1 35 279 288 AND
2 1 37 279 289 AND
2 1 40 279 290 AND
2 1 42 279 291 AND
2 1 44 279 292 AND
2 1 46 279 293 AND
2 1 48 279 294 AND
2 1 50 279 295 AND
2 1 88 244 296 AND
2 1 14 296 297 AND
2 1 17 296 298 AND
2 1 20 296 299 AND
2 1 22 296 300 AND
2 1 25 296 301 AND
2 1 28 296 302 AND
2 1 30 296 303 AND
2 1 32 296 304 AND
2 1 35 296 305 AND
2 1 37 296 306 AND
2 1 40 296 307 AND
2 1 42 296 308 AND
2 1 44 296 309 AND
2 1 46 296 310 AND
2 1 48 296 311 AND
2 1 50 296 312 AND