2 1 13 14 148 AND
2 1 6 7 149 AND
2 1 148 149 150 AND
2 1 17 21 151 AND
2 1 8 151 152 AND
2 1 12 152 153 AND
2 1 150 153 154 AND
2 1 18 19 155 AND
2 1 4 16 156 AND
2 1 155 156 157 AND
2 1 5 22 158 AND
2 1 9 11 159 AND
2 1 158 159 160 AND
2 1 157 160 161 AND
2 1 154 161 162 AND
2 1 54 162 163 AND
2 1 0 163 164 AND
2 1 7 21 170 AND
2 1 8 13 171 AND
2 1 170 171 172 AND
2 1 8 13 167 AND
2 1 7 21 168 AND
2 1 167 168 169 AND
2 1 172 169 173 XOR
2 1 14 173 174 AND
2 1 8 21 165 AND
2 1 7 165 166 AND
2 1 13 14 175 AND
2 1 166 175 176 AND
2 1 174 176 177 AND
2 1 10 177 178 AND
2 1 10 148 179 AND
2 1 166 179 180 AND
2 1 178 180 181 AND
2 1 17 157 182 AND
2 1 158 182 183 AND
2 1 181 183 184 AND
2 1 6 12 185 AND
2 1 184 185 186 AND
2 1 159 186 187 AND
2 1 56 187 188 AND
2 1 159 158 189 XOR
2 1 187 189 190 AND
2 1 188 190 191 AND
2 1 54 191 192 AND
2 1 164 192 193 AND
2 1 3 129 194 AND
2 1 193 194 195 AND
2 1 11 12 196 AND
2 1 165 196 197 AND
2 1 157 197 198 AND
2 1 7 13 200 AND
2 1 5 6 201 AND
2 1 200 201 202 AND
2 1 10 22 199 AND
2 1 14 199 203 AND
2 1 202 203 204 AND
2 1 198 204 205 AND
2 1 17 54 206 AND
2 1 205 206 207 AND
2 1 1 207 208 AND
2 1 5 185 212 AND
2 1 185 5 213 XOR
2 1 6 12 214 AND
2 1 7 214 215 AND
2 1 213 215 216 AND
2 1 13 216 217 AND
2 1 212 217 218 AND
2 1 13 7 219 XOR
2 1 217 219 220 AND
2 1 218 220 221 AND
2 1 9 221 223 AND
2 1 200 212 222 AND
2 1 9 222 224 AND
2 1 157 224 225 AND
2 1 223 225 226 AND
2 1 8 11 210 AND
2 1 151 210 211 AND
2 1 14 54 209 AND
2 1 199 209 227 AND
2 1 211 227 228 AND
2 1 226 228 229 AND
2 1 208 229 230 AND
2 1 194 230 231 AND
2 1 45 48 233 AND
2 1 43 47 234 AND
2 1 233 234 235 AND
2 1 15 20 236 AND
2 1 24 49 237 AND
2 1 236 237 238 AND
2 1 235 238 239 AND
2 1 41 46 240 AND
2 1 38 50 241 AND
2 1 240 241 242 AND
2 1 42 44 243 AND
2 1 40 243 244 AND
2 1 2 244 245 AND
2 1 242 245 246 AND
2 1 239 246 247 AND
2 1 82 247 248 AND
2 1 122 127 232 AND
2 1 65 232 249 AND
2 1 248 249 250 AND
2 1 24 45 251 AND
2 1 47 48 252 AND
2 1 251 252 253 AND
2 1 49 236 254 AND
2 1 253 254 255 AND
2 1 38 40 256 AND
2 1 243 256 257 AND
2 1 46 50 258 AND
2 1 41 258 259 AND
2 1 257 259 260 AND
2 1 43 260 261 AND
2 1 255 261 262 AND
2 1 82 262 263 AND
2 1 82 232 264 AND
2 1 263 264 265 AND
2 1 2 265 266 AND
2 1 250 266 267 AND
2 1 129 267 268 AND
2 1 9 14 269 AND
2 1 199 269 270 AND
2 1 202 270 271 AND
2 1 8 17 272 AND
2 1 196 272 273 AND
2 1 21 157 274 AND
2 1 273 274 275 AND
2 1 271 275 276 AND
2 1 61 118 277 AND
2 1 276 277 278 AND
2 1 0 123 279 AND
2 1 113 279 280 AND
2 1 278 280 281 AND
2 1 129 281 282 AND
2 1 10 22 283 AND
2 1 269 283 284 AND
2 1 222 284 285 AND
2 1 54 157 286 AND
2 1 211 286 287 AND
2 1 285 287 288 AND
2 1 4 54 289 AND
2 1 288 289 290 AND
2 1 194 290 291 AND
2 1 5 54 292 AND
2 1 7 185 293 AND
2 1 25 29 294 AND
2 1 28 294 295 AND
2 1 293 295 296 AND
2 1 13 270 297 AND
2 1 296 297 298 AND
2 1 59 211 299 AND
2 1 4 19 301 AND
2 1 18 301 302 AND
2 1 16 54 300 AND
2 1 5 300 303 AND
2 1 302 303 304 AND
2 1 299 304 305 AND
2 1 298 305 306 AND
2 1 292 306 307 AND
2 1 194 307 308 AND
2 1 6 54 309 AND
2 1 5 7 310 AND
2 1 25 29 311 AND
2 1 12 28 312 AND
2 1 311 312 313 AND
2 1 310 313 314 AND
2 1 297 314 315 AND
2 1 6 300 316 AND
2 1 302 316 317 AND
2 1 299 317 318 AND
2 1 315 318 319 AND
2 1 309 319 320 AND
2 1 194 320 321 AND
2 1 7 54 322 AND
2 1 18 21 323 AND
2 1 8 17 324 AND
2 1 323 324 325 AND
2 1 7 301 326 AND
2 1 300 326 327 AND
2 1 325 327 328 AND
2 1 6 196 329 AND
2 1 5 329 330 AND
2 1 297 330 331 AND
2 1 328 331 332 AND
2 1 322 332 333 AND
2 1 194 333 334 AND
2 1 8 54 335 AND
2 1 222 270 336 AND
2 1 17 18 337 AND
2 1 11 21 338 AND
2 1 337 338 339 AND
2 1 8 301 340 AND
2 1 300 340 341 AND
2 1 339 341 342 AND
2 1 336 342 343 AND
2 1 335 343 344 AND
2 1 194 344 345 AND
2 1 9 54 346 AND
2 1 148 199 347 AND
2 1 11 310 348 AND
2 1 185 348 349 AND
2 1 347 349 350 AND
2 1 272 323 351 AND
2 1 9 301 352 AND
2 1 300 352 353 AND
2 1 351 353 354 AND
2 1 350 354 355 AND
2 1 346 355 356 AND
2 1 194 356 357 AND
2 1 10 54 358 AND
2 1 10 301 359 AND
2 1 300 359 360 AND
2 1 351 360 361 AND
2 1 310 329 362 AND
2 1 9 22 363 AND
2 1 175 363 364 AND
2 1 362 364 365 AND
2 1 361 365 366 AND
2 1 358 366 367 AND
2 1 194 367 368 AND
2 1 11 54 369 AND
2 1 11 301 370 AND
2 1 300 370 371 AND
2 1 351 371 372 AND
2 1 10 22 373 AND
2 1 269 373 374 AND
2 1 222 374 375 AND
2 1 372 375 376 AND
2 1 369 376 377 AND
2 1 194 377 378 AND
2 1 12 54 379 AND
2 1 12 301 380 AND
2 1 300 380 381 AND
2 1 18 152 382 AND
2 1 381 382 383 AND
2 1 11 271 384 AND
2 1 383 384 385 AND
2 1 379 385 386 AND
2 1 194 386 387 AND
2 1 13 54 388 AND
2 1 13 300 389 AND
2 1 302 389 390 AND
2 1 299 390 391 AND
2 1 25 29 392 AND
2 1 28 392 393 AND
2 1 212 393 394 AND
2 1 7 270 395 AND
2 1 394 395 396 AND
2 1 391 396 397 AND
2 1 388 397 398 AND
2 1 194 398 399 AND
2 1 14 54 400 AND
2 1 16 209 401 AND
2 1 301 401 402 AND
2 1 351 402 403 AND
2 1 9 13 404 AND
2 1 199 404 405 AND
2 1 362 405 406 AND
2 1 403 406 407 AND
2 1 400 407 408 AND
2 1 194 408 409 AND
2 1 41 43 410 AND
2 1 252 410 411 AND
2 1 45 237 412 AND
2 1 411 412 413 AND
2 1 46 241 414 AND
2 1 244 414 415 AND
2 1 15 415 416 AND
2 1 413 416 417 AND
2 1 82 417 418 AND
2 1 70 232 419 AND
2 1 418 419 420 AND
2 1 48 234 421 AND
2 1 412 421 422 AND
2 1 260 422 423 AND
2 1 15 423 424 AND
2 1 2 20 426 AND
2 1 15 426 427 AND
2 1 45 252 425 AND
2 1 237 425 428 AND
2 1 427 428 429 AND
2 1 261 429 430 AND
2 1 424 430 431 AND
2 1 82 431 432 AND
2 1 15 264 433 AND
2 1 432 433 434 AND
2 1 420 434 435 AND
2 1 129 435 436 AND
2 1 16 54 437 AND
2 1 6 12 438 AND
2 1 5 438 439 AND
2 1 200 439 440 AND
2 1 270 440 441 AND
2 1 287 441 442 AND
2 1 437 442 443 AND
2 1 194 443 444 AND
2 1 17 54 445 AND
2 1 7 201 446 AND
2 1 25 28 447 AND
2 1 12 447 448 AND
2 1 446 448 449 AND
2 1 297 449 450 AND
2 1 16 206 451 AND
2 1 302 451 452 AND
2 1 11 165 453 AND
2 1 29 59 454 AND
2 1 453 454 455 AND
2 1 452 455 456 AND
2 1 450 456 457 AND
2 1 445 457 458 AND
2 1 194 458 459 AND
2 1 18 54 460 AND
2 1 16 54 461 AND
2 1 302 461 462 AND
2 1 211 462 463 AND
2 1 336 463 464 AND
2 1 460 464 465 AND
2 1 194 465 466 AND
2 1 19 54 467 AND
2 1 17 453 468 AND
2 1 4 18 469 AND
2 1 19 469 470 AND
2 1 300 470 471 AND
2 1 468 471 472 AND
2 1 336 472 473 AND
2 1 467 473 474 AND
2 1 194 474 475 AND
2 1 234 240 476 AND
2 1 24 233 477 AND
2 1 476 477 478 AND
2 1 50 256 487 AND
2 1 15 49 488 AND
2 1 243 488 489 AND
2 1 487 489 490 AND
2 1 478 490 491 AND
2 1 20 491 492 AND
2 1 40 42 479 AND
2 1 241 479 480 AND
2 1 44 254 481 AND
2 1 480 481 482 AND
2 1 478 482 483 AND
2 1 2 483 493 AND
2 1 492 493 494 AND
2 1 82 494 495 AND
2 1 82 483 484 AND
2 1 71 232 485 AND
2 1 484 485 486 AND
2 1 20 264 496 AND
2 1 486 496 497 AND
2 1 495 497 498 AND
2 1 129 498 499 AND
2 1 21 54 500 AND
2 1 210 337 501 AND
2 1 21 54 502 AND
2 1 19 502 503 AND
2 1 156 503 504 AND
2 1 501 504 505 AND
2 1 336 505 506 AND
2 1 500 506 507 AND
2 1 194 507 508 AND
2 1 22 54 509 AND
2 1 22 301 510 AND
2 1 300 510 511 AND
2 1 351 511 512 AND
2 1 9 10 513 AND
2 1 148 513 514 AND
2 1 5 7 515 AND
2 1 329 515 516 AND
2 1 514 516 517 AND
2 1 512 517 518 AND
2 1 509 518 519 AND
2 1 194 519 520 AND
2 1 23 55 521 AND
2 1 61 129 522 AND
2 1 521 522 523 AND
2 1 47 410 524 AND
2 1 233 524 525 AND
2 1 415 525 526 AND
2 1 82 526 527 AND
2 1 426 488 528 AND
2 1 82 528 529 AND
2 1 232 529 530 AND
2 1 527 530 531 AND
2 1 24 531 532 AND
2 1 2 45 533 AND
2 1 252 533 534 AND
2 1 254 534 535 AND
2 1 261 535 536 AND
2 1 82 536 537 AND
2 1 63 232 538 AND
2 1 537 538 539 AND
2 1 43 240 540 AND
2 1 425 540 541 AND
2 1 24 82 542 AND
2 1 243 542 543 AND
2 1 487 543 544 AND
2 1 541 544 545 AND
2 1 129 545 546 AND
2 1 539 546 547 AND
2 1 532 547 548 AND
2 1 85 116 549 AND
2 1 85 110 550 AND
2 1 96 550 551 AND
2 1 549 551 552 AND
2 1 100 552 553 AND
2 1 25 116 554 AND
2 1 85 554 555 AND
2 1 553 555 556 AND
2 1 26 556 557 AND
2 1 51 52 558 AND
2 1 39 558 559 AND
2 1 95 100 560 AND
2 1 97 560 561 AND
2 1 110 561 562 AND
2 1 25 562 563 AND
2 1 26 116 564 AND
2 1 563 564 565 AND
2 1 559 565 566 AND
2 1 26 554 567 AND
2 1 566 567 568 AND
2 1 85 568 569 AND
2 1 557 569 570 AND
2 1 27 570 571 AND
2 1 39 52 572 AND
2 1 51 572 573 AND
2 1 116 573 574 AND
2 1 554 574 575 AND
2 1 27 575 576 AND
2 1 559 563 577 AND
2 1 576 577 578 AND
2 1 26 85 579 AND
2 1 578 579 580 AND
2 1 571 580 581 AND
2 1 53 581 582 AND
2 1 25 26 583 AND
2 1 116 583 584 AND
2 1 53 85 585 AND
2 1 27 585 586 AND
2 1 584 586 587 AND
2 1 582 587 588 AND
2 1 58 588 589 AND
2 1 27 85 590 AND
2 1 53 58 591 AND
2 1 590 591 592 AND
2 1 584 592 593 AND
2 1 589 593 594 AND
2 1 194 594 595 AND
2 1 85 116 596 AND
2 1 110 596 597 AND
2 1 96 564 598 AND
2 1 597 598 599 AND
2 1 26 549 600 AND
2 1 599 600 601 AND
2 1 100 601 602 AND
2 1 85 574 603 AND
2 1 26 603 604 AND
2 1 602 604 605 AND
2 1 27 53 606 AND
2 1 58 606 607 AND
2 1 194 607 608 AND
2 1 605 608 609 AND
2 1 95 96 610 AND
2 1 27 116 611 AND
2 1 610 611 612 AND
2 1 597 612 613 AND
2 1 27 549 614 AND
2 1 613 614 615 AND
2 1 100 615 616 AND
2 1 27 603 617 AND
2 1 616 617 618 AND
2 1 53 58 619 AND
2 1 26 619 620 AND
2 1 194 620 621 AND
2 1 618 621 622 AND
2 1 26 559 623 AND
2 1 27 573 624 AND
2 1 623 624 625 AND
2 1 562 625 626 AND
2 1 27 26 627 XOR
2 1 116 627 628 AND
2 1 626 628 629 AND
2 1 28 629 630 AND
2 1 26 100 631 AND
2 1 110 631 632 AND
2 1 610 632 633 AND
2 1 564 573 634 AND
2 1 633 634 635 AND
2 1 27 635 636 AND
2 1 611 623 637 AND
2 1 636 637 638 AND
2 1 630 638 639 AND
2 1 85 639 640 AND
2 1 28 116 641 AND
2 1 100 116 642 AND
2 1 641 642 643 AND
2 1 26 27 644 AND
2 1 85 644 645 AND
2 1 643 645 646 AND
2 1 640 646 647 AND
2 1 53 647 648 AND
2 1 27 28 649 AND
2 1 116 649 650 AND
2 1 26 585 651 AND
2 1 650 651 652 AND
2 1 648 652 653 AND
2 1 58 653 654 AND
2 1 579 591 655 AND
2 1 650 655 656 AND
2 1 654 656 657 AND
2 1 194 657 658 AND
2 1 97 116 665 AND
2 1 29 116 666 AND
2 1 665 666 667 AND
2 1 58 667 668 AND
2 1 97 110 660 AND
2 1 96 660 661 AND
2 1 29 97 662 AND
2 1 661 662 663 AND
2 1 560 663 664 AND
2 1 29 110 659 AND
2 1 58 659 669 AND
2 1 664 669 670 AND
2 1 668 670 671 AND
2 1 53 671 672 AND
2 1 53 58 673 AND
2 1 666 673 674 AND
2 1 672 674 675 AND
2 1 27 675 676 AND
2 1 27 666 677 AND
2 1 619 677 678 AND
2 1 676 678 679 AND
2 1 85 679 680 AND
2 1 85 666 681 AND
2 1 607 681 682 AND
2 1 680 682 683 AND
2 1 26 683 684 AND
2 1 590 619 685 AND
2 1 26 685 686 AND
2 1 666 686 687 AND
2 1 684 687 688 AND
2 1 194 688 689 AND
2 1 30 109 690 AND
2 1 60 109 691 AND
2 1 690 691 692 AND
2 1 106 692 693 AND
2 1 88 106 694 AND
2 1 129 694 695 AND
2 1 693 695 696 AND
2 1 30 109 697 AND
2 1 31 109 698 AND
2 1 697 698 699 AND
2 1 106 699 700 AND
2 1 89 106 701 AND
2 1 129 701 702 AND
2 1 700 702 703 AND
2 1 31 109 704 AND
2 1 32 109 705 AND
2 1 704 705 706 AND
2 1 106 706 707 AND
2 1 99 106 708 AND
2 1 129 708 709 AND
2 1 707 709 710 AND
2 1 32 109 711 AND
2 1 33 109 712 AND
2 1 711 712 713 AND
2 1 106 713 714 AND
2 1 90 106 715 AND
2 1 129 715 716 AND
2 1 714 716 717 AND
2 1 33 109 718 AND
2 1 34 109 719 AND
2 1 718 719 720 AND
2 1 106 720 721 AND
2 1 91 106 722 AND
2 1 129 722 723 AND
2 1 721 723 724 AND
2 1 34 109 725 AND
2 1 35 109 726 AND
2 1 725 726 727 AND
2 1 106 727 728 AND
2 1 92 106 729 AND
2 1 129 729 730 AND
2 1 728 730 731 AND
2 1 35 109 732 AND
2 1 36 109 733 AND
2 1 732 733 734 AND
2 1 106 734 735 AND
2 1 98 106 736 AND
2 1 129 736 737 AND
2 1 735 737 738 AND
2 1 36 109 739 AND
2 1 37 109 740 AND
2 1 739 740 741 AND
2 1 106 741 742 AND
2 1 93 106 743 AND
2 1 129 743 744 AND
2 1 742 744 745 AND
2 1 82 244 746 AND
2 1 259 421 747 AND
2 1 238 533 748 AND
2 1 747 748 749 AND
2 1 82 749 750 AND
2 1 232 750 751 AND
2 1 746 751 752 AND
2 1 38 752 753 AND
2 1 2 48 754 AND
2 1 251 754 755 AND
2 1 254 755 756 AND
2 1 50 244 757 AND
2 1 476 757 758 AND
2 1 756 758 759 AND
2 1 82 759 760 AND
2 1 74 232 761 AND
2 1 760 761 762 AND
2 1 44 82 763 AND
2 1 38 479 764 AND
2 1 763 764 765 AND
2 1 129 765 766 AND
2 1 762 766 767 AND
2 1 753 767 768 AND
2 1 51 109 769 AND
2 1 572 769 770 AND
2 1 106 770 771 AND
2 1 109 558 772 AND
2 1 39 772 773 AND
2 1 771 773 774 AND
2 1 129 774 775 AND
2 1 82 243 776 AND
2 1 421 748 777 AND
2 1 242 777 778 AND
2 1 82 778 779 AND
2 1 232 779 780 AND
2 1 776 780 781 AND
2 1 40 781 782 AND
2 1 241 243 783 AND
2 1 476 783 784 AND
2 1 756 784 785 AND
2 1 82 785 786 AND
2 1 73 232 787 AND
2 1 786 787 788 AND
2 1 40 82 789 AND
2 1 243 789 790 AND
2 1 129 790 791 AND
2 1 788 791 792 AND
2 1 782 792 793 AND
2 1 82 415 794 AND
2 1 82 777 795 AND
2 1 232 795 796 AND
2 1 794 796 797 AND
2 1 41 797 798 AND
2 1 234 258 799 AND
2 1 257 799 800 AND
2 1 756 800 801 AND
2 1 82 801 802 AND
2 1 76 232 803 AND
2 1 802 803 804 AND
2 1 256 258 805 AND
2 1 41 82 806 AND
2 1 243 806 807 AND
2 1 805 807 808 AND
2 1 129 808 809 AND
2 1 804 809 810 AND
2 1 798 810 811 AND
2 1 44 82 812 AND
2 1 524 805 813 AND
2 1 756 813 814 AND
2 1 82 814 815 AND
2 1 232 815 816 AND
2 1 812 816 817 AND
2 1 42 817 818 AND
2 1 44 487 819 AND
2 1 476 819 820 AND
2 1 756 820 821 AND
2 1 82 821 822 AND
2 1 72 232 823 AND
2 1 822 823 824 AND
2 1 42 763 825 AND
2 1 129 825 826 AND
2 1 824 826 827 AND
2 1 818 827 828 AND
2 1 82 260 829 AND
2 1 238 534 830 AND
2 1 82 830 831 AND
2 1 232 831 832 AND
2 1 829 832 833 AND
2 1 43 833 834 AND
2 1 47 260 835 AND
2 1 756 835 836 AND
2 1 82 836 837 AND
2 1 77 232 838 AND
2 1 837 838 839 AND
2 1 43 479 840 AND
2 1 763 840 841 AND
2 1 242 841 842 AND
2 1 129 842 843 AND
2 1 839 843 844 AND
2 1 834 844 845 AND
2 1 476 480 846 AND
2 1 756 846 847 AND
2 1 82 847 848 AND
2 1 67 232 849 AND
2 1 44 232 850 AND
2 1 849 850 851 AND
2 1 848 851 852 AND
2 1 129 812 853 AND
2 1 852 853 854 AND
2 1 252 540 855 AND
2 1 241 244 856 AND
2 1 855 856 857 AND
2 1 82 857 858 AND
2 1 24 528 859 AND
2 1 82 859 860 AND
2 1 232 860 861 AND
2 1 858 861 862 AND
2 1 45 862 863 AND
2 1 2 252 864 AND
2 1 238 864 865 AND
2 1 261 865 866 AND
2 1 82 866 867 AND
2 1 68 232 868 AND
2 1 867 868 869 AND
2 1 38 479 870 AND
2 1 45 763 871 AND
2 1 870 871 872 AND
2 1 747 872 873 AND
2 1 129 873 874 AND
2 1 869 874 875 AND
2 1 863 875 876 AND
2 1 82 856 877 AND
2 1 524 756 878 AND
2 1 82 878 879 AND
2 1 232 879 880 AND
2 1 877 880 881 AND
2 1 46 881 882 AND
2 1 50 257 883 AND
2 1 878 883 884 AND
2 1 82 884 885 AND
2 1 75 232 886 AND
2 1 885 886 887 AND
2 1 46 82 888 AND
2 1 883 888 889 AND
2 1 129 889 890 AND
2 1 887 890 891 AND
2 1 882 891 892 AND
2 1 82 261 893 AND
2 1 82 756 894 AND
2 1 232 894 895 AND
2 1 893 895 896 AND
2 1 47 896 897 AND
2 1 261 756 898 AND
2 1 82 898 899 AND
2 1 64 232 900 AND
2 1 899 900 901 AND
2 1 410 414 902 AND
2 1 47 479 903 AND
2 1 763 903 904 AND
2 1 902 904 905 AND
2 1 129 905 906 AND
2 1 901 906 907 AND
2 1 897 907 908 AND
2 1 476 856 909 AND
2 1 82 909 910 AND
2 1 82 748 911 AND
2 1 232 911 912 AND
2 1 910 912 913 AND
2 1 48 913 914 AND
2 1 2 47 915 AND
2 1 251 254 916 AND
2 1 915 916 917 AND
2 1 261 917 918 AND
2 1 82 918 919 AND
2 1 62 232 920 AND
2 1 919 920 921 AND
2 1 234 259 922 AND
2 1 48 763 923 AND
2 1 870 923 924 AND
2 1 922 924 925 AND
2 1 129 925 926 AND
2 1 921 926 927 AND
2 1 914 927 928 AND
2 1 24 42 934 AND
2 1 819 934 935 AND
2 1 541 935 936 AND
2 1 49 936 937 AND
2 1 237 883 929 AND
2 1 2 236 938 AND
2 1 233 476 939 AND
2 1 938 939 940 AND
2 1 929 940 941 AND
2 1 937 941 942 AND
2 1 82 942 943 AND
2 1 541 929 930 AND
2 1 82 930 931 AND
2 1 69 232 932 AND
2 1 931 932 933 AND
2 1 49 264 944 AND
2 1 933 944 945 AND
2 1 943 945 946 AND
2 1 129 946 947 AND
2 1 82 257 948 AND
2 1 540 864 949 AND
2 1 916 949 950 AND
2 1 82 950 951 AND
2 1 232 951 952 AND
2 1 948 952 953 AND
2 1 50 953 954 AND
2 1 257 476 955 AND
2 1 756 955 956 AND
2 1 82 956 957 AND
2 1 66 232 958 AND
2 1 957 958 959 AND
2 1 50 763 960 AND
2 1 870 960 961 AND
2 1 129 961 962 AND
2 1 959 962 963 AND
2 1 954 963 964 AND
2 1 109 51 965 XOR
2 1 106 965 966 AND
2 1 129 966 967 AND
2 1 769 52 968 XOR
2 1 106 968 969 AND
2 1 129 969 970 AND
2 1 58 116 971 AND
2 1 58 110 972 AND
2 1 96 972 973 AND
2 1 560 973 974 AND
2 1 971 974 975 AND
2 1 53 97 976 AND
2 1 975 976 977 AND
2 1 116 673 978 AND
2 1 977 978 979 AND
2 1 194 590 980 AND
2 1 979 980 981 AND
2 1 26 981 982 AND
2 1 261 830 983 AND
2 1 82 983 984 AND
2 1 232 984 985 AND
2 1 129 985 986 AND
2 1 123 129 987 AND
2 1 114 122 988 AND
2 1 987 988 989 AND
2 1 26 116 991 AND
2 1 58 26 992 XOR
2 1 991 992 993 AND
2 1 94 993 994 AND
2 1 58 116 995 AND
2 1 26 58 990 AND
2 1 37 116 996 AND
2 1 990 996 997 AND
2 1 995 997 998 AND
2 1 994 998 999 AND
2 1 53 999 1000 AND
2 1 26 37 1001 AND
2 1 58 1001 1002 AND
2 1 1000 1002 1003 AND
2 1 85 1003 1004 AND
2 1 619 1001 1005 AND
2 1 1004 1005 1006 AND
2 1 27 1006 1007 AND
2 1 85 619 1008 AND
2 1 1001 1008 1009 AND
2 1 1007 1009 1010 AND
2 1 194 1010 1011 AND
2 1 26 53 1012 AND
2 1 26 53 1013 AND
2 1 85 1013 1014 AND
2 1 1012 1014 1015 AND
2 1 58 1015 1016 AND
2 1 85 1012 1017 AND
2 1 116 1017 1018 AND
2 1 1016 1018 1019 AND
2 1 57 1019 1020 AND
2 1 60 971 1021 AND
2 1 1017 1021 1022 AND
2 1 1020 1022 1023 AND
2 1 27 1023 1024 AND
2 1 57 58 1025 AND
2 1 1017 1025 1026 AND
2 1 1024 1026 1027 AND
2 1 194 1027 1028 AND
2 1 644 995 1029 AND
2 1 58 116 1030 AND
2 1 627 1030 1031 AND
2 1 573 1031 1032 AND
2 1 1029 1032 1033 AND
2 1 3 53 1034 AND
2 1 129 1034 1035 AND
2 1 1033 1035 1036 AND
2 1 85 1036 1037 AND
2 1 58 53 1038 XOR
2 1 116 1038 1039 AND
2 1 562 619 1040 AND
2 1 1039 1040 1041 AND
2 1 59 1041 1042 AND
2 1 96 619 1043 AND
2 1 562 1043 1044 AND
2 1 1042 1044 1045 AND
2 1 85 1045 1046 AND
2 1 59 116 1047 AND
2 1 85 619 1048 AND
2 1 1047 1048 1049 AND
2 1 1046 1049 1050 AND
2 1 27 1050 1051 AND
2 1 27 1047 1052 AND
2 1 1008 1052 1053 AND
2 1 1051 1053 1054 AND
2 1 26 1054 1055 AND
2 1 686 1047 1056 AND
2 1 1055 1056 1057 AND
2 1 194 1057 1058 AND
2 1 117 122 1059 AND
2 1 60 1059 1060 AND
2 1 123 1059 1061 AND
2 1 1060 1061 1062 AND
2 1 114 123 1063 AND
2 1 122 129 1064 AND
2 1 1063 1064 1065 AND
2 1 137 138 1066 AND
2 1 136 1066 1067 AND
2 1 132 133 1068 AND
2 1 131 1068 1069 AND
2 1 1067 1069 1070 AND
2 1 62 1070 1071 AND
2 1 136 137 1072 AND
2 1 140 1072 1073 AND
2 1 138 1069 1074 AND
2 1 1073 1074 1075 AND
2 1 1071 1075 1076 AND
2 1 129 1076 1077 AND
2 1 63 1070 1078 AND
2 1 142 1072 1079 AND
2 1 1074 1079 1080 AND
2 1 1078 1080 1081 AND
2 1 129 1081 1082 AND
2 1 64 1070 1083 AND
2 1 139 1072 1084 AND
2 1 1074 1084 1085 AND
2 1 1083 1085 1086 AND
2 1 129 1086 1087 AND
2 1 65 1070 1088 AND
2 1 146 1072 1089 AND
2 1 1074 1089 1090 AND
2 1 1088 1090 1091 AND
2 1 129 1091 1092 AND
2 1 136 137 1093 AND
2 1 1074 1093 1094 AND
2 1 66 1094 1095 AND
2 1 143 1094 1096 AND
2 1 1095 1096 1097 AND
2 1 129 1097 1098 AND
2 1 67 1094 1099 AND
2 1 139 1094 1100 AND
2 1 1099 1100 1101 AND
2 1 129 1101 1102 AND
2 1 68 1070 1103 AND
2 1 141 1072 1104 AND
2 1 1074 1104 1105 AND
2 1 1103 1105 1106 AND
2 1 129 1106 1107 AND
2 1 69 1070 1108 AND
2 1 143 1072 1109 AND
2 1 1074 1109 1110 AND
2 1 1108 1110 1111 AND
2 1 129 1111 1112 AND
2 1 70 1070 1113 AND
2 1 144 1072 1114 AND
2 1 1074 1114 1115 AND
2 1 1113 1115 1116 AND
2 1 129 1116 1117 AND
2 1 71 1070 1118 AND
2 1 145 1072 1119 AND
2 1 1074 1119 1120 AND
2 1 1118 1120 1121 AND
2 1 129 1121 1122 AND
2 1 72 1094 1123 AND
2 1 140 1094 1124 AND
2 1 1123 1124 1125 AND
2 1 129 1125 1126 AND
2 1 73 1094 1127 AND
2 1 141 1094 1128 AND
2 1 1127 1128 1129 AND
2 1 129 1129 1130 AND
2 1 74 1094 1131 AND
2 1 142 1094 1132 AND
2 1 1131 1132 1133 AND
2 1 129 1133 1134 AND
2 1 75 1094 1135 AND
2 1 144 1094 1136 AND
2 1 1135 1136 1137 AND
2 1 129 1137 1138 AND
2 1 76 1094 1139 AND
2 1 145 1094 1140 AND
2 1 1139 1140 1141 AND
2 1 129 1141 1142 AND
2 1 77 1094 1143 AND
2 1 146 1094 1144 AND
2 1 1143 1144 1145 AND
2 1 129 1145 1146 AND
2 1 136 137 1147 AND
2 1 1074 1147 1148 AND
2 1 78 1148 1149 AND
2 1 142 1148 1150 AND
2 1 1149 1150 1151 AND
2 1 129 1151 1152 AND
2 1 79 1148 1153 AND
2 1 143 1148 1154 AND
2 1 1153 1154 1155 AND
2 1 129 1155 1156 AND
2 1 80 1148 1157 AND
2 1 144 1148 1158 AND
2 1 1157 1158 1159 AND
2 1 129 1159 1160 AND
2 1 81 1148 1161 AND
2 1 145 1148 1162 AND
2 1 1161 1162 1163 AND
2 1 129 1163 1164 AND
2 1 82 1148 1165 AND
2 1 146 1148 1166 AND
2 1 1165 1166 1167 AND
2 1 129 1167 1168 AND
2 1 89 138 1169 AND
2 1 62 138 1170 AND
2 1 1169 1170 1171 AND
2 1 136 1171 1172 AND
2 1 119 138 1173 AND
2 1 72 138 1174 AND
2 1 1173 1174 1175 AND
2 1 136 1175 1176 AND
2 1 1172 1176 1177 AND
2 1 137 1177 1178 AND
2 1 115 138 1179 AND
2 1 87 138 1180 AND
2 1 1179 1180 1181 AND
2 1 136 1181 1182 AND
2 1 136 138 1183 AND
2 1 31 1183 1184 AND
2 1 1182 1184 1185 AND
2 1 137 1185 1186 AND
2 1 1178 1186 1187 AND
2 1 84 1148 1188 AND
2 1 141 1148 1189 AND
2 1 1188 1189 1190 AND
2 1 129 1190 1191 AND
2 1 550 561 1192 AND
2 1 96 1192 1193 AND
2 1 596 1193 1194 AND
2 1 608 1194 1195 AND
2 1 26 1195 1196 AND
2 1 86 1148 1197 AND
2 1 139 1148 1198 AND
2 1 1197 1198 1199 AND
2 1 129 1199 1200 AND
2 1 87 1148 1201 AND
2 1 140 1148 1202 AND
2 1 1201 1202 1203 AND
2 1 129 1203 1204 AND
2 1 136 137 1205 AND
2 1 1074 1205 1206 AND
2 1 88 1206 1207 AND
2 1 139 1206 1208 AND
2 1 1207 1208 1209 AND
2 1 129 1209 1210 AND
2 1 89 1206 1211 AND
2 1 140 1206 1212 AND
2 1 1211 1212 1213 AND
2 1 129 1213 1214 AND
2 1 90 1206 1215 AND
2 1 142 1206 1216 AND
2 1 1215 1216 1217 AND
2 1 129 1217 1218 AND
2 1 91 1206 1219 AND
2 1 143 1206 1220 AND
2 1 1219 1220 1221 AND
2 1 129 1221 1222 AND
2 1 92 1206 1223 AND
2 1 144 1206 1224 AND
2 1 1223 1224 1225 AND
2 1 129 1225 1226 AND
2 1 93 1206 1227 AND
2 1 146 1206 1228 AND
2 1 1227 1228 1229 AND
2 1 129 1229 1230 AND
2 1 82 137 1231 AND
2 1 136 1231 1232 AND
2 1 138 1069 1233 AND
2 1 1232 1233 1234 AND
2 1 94 1234 1235 AND
2 1 142 1234 1236 AND
2 1 1235 1236 1237 AND
2 1 129 1237 1238 AND
2 1 3 110 1239 AND
2 1 1069 1239 1240 AND
2 1 138 1232 1241 AND
2 1 1069 1241 1242 AND
2 1 1240 1242 1243 AND
2 1 95 1243 1244 AND
2 1 143 1234 1245 AND
2 1 1244 1245 1246 AND
2 1 129 1246 1247 AND
2 1 96 1243 1248 AND
2 1 146 1234 1249 AND
2 1 1248 1249 1250 AND
2 1 129 1250 1251 AND
2 1 97 1243 1252 AND
2 1 145 1234 1253 AND
2 1 1252 1253 1254 AND
2 1 129 1254 1255 AND
2 1 98 1206 1256 AND
2 1 145 1206 1257 AND
2 1 1256 1257 1258 AND
2 1 129 1258 1259 AND
2 1 99 1206 1260 AND
2 1 141 1206 1261 AND
2 1 1260 1261 1262 AND
2 1 129 1262 1263 AND
2 1 100 1243 1264 AND
2 1 144 1234 1265 AND
2 1 1264 1265 1266 AND
2 1 129 1266 1267 AND
2 1 124 138 1268 AND
2 1 77 138 1269 AND
2 1 1268 1269 1270 AND
2 1 136 1270 1271 AND
2 1 65 138 1272 AND
2 1 93 138 1273 AND
2 1 1272 1273 1274 AND
2 1 136 1274 1275 AND
2 1 1271 1275 1276 AND
2 1 137 1276 1277 AND
2 1 37 1183 1278 AND
2 1 96 138 1279 AND
2 1 82 138 1280 AND
2 1 1279 1280 1281 AND
2 1 136 1281 1282 AND
2 1 1278 1282 1283 AND
2 1 137 1283 1284 AND
2 1 1277 1284 1285 AND
2 1 91 1072 1286 AND
2 1 95 1147 1287 AND
2 1 1286 1287 1288 AND
2 1 138 1288 1289 AND
2 1 79 136 1290 AND
2 1 34 136 1291 AND
2 1 1290 1291 1292 AND
2 1 137 1292 1293 AND
2 1 69 136 1294 AND
2 1 66 136 1295 AND
2 1 1294 1295 1296 AND
2 1 137 1296 1297 AND
2 1 1293 1297 1298 AND
2 1 138 1298 1299 AND
2 1 1289 1299 1300 AND
2 1 90 1072 1301 AND
2 1 94 1147 1302 AND
2 1 1301 1302 1303 AND
2 1 138 1303 1304 AND
2 1 78 136 1305 AND
2 1 33 136 1306 AND
2 1 1305 1306 1307 AND
2 1 137 1307 1308 AND
2 1 63 136 1309 AND
2 1 74 136 1310 AND
2 1 1309 1310 1311 AND
2 1 137 1311 1312 AND
2 1 1308 1312 1313 AND
2 1 138 1313 1314 AND
2 1 1304 1314 1315 AND
2 1 99 1072 1316 AND
2 1 112 1147 1317 AND
2 1 1316 1317 1318 AND
2 1 138 1318 1319 AND
2 1 68 136 1320 AND
2 1 73 136 1321 AND
2 1 1320 1321 1322 AND
2 1 137 1322 1323 AND
2 1 84 136 1324 AND
2 1 32 136 1325 AND
2 1 1324 1325 1326 AND
2 1 137 1326 1327 AND
2 1 1323 1327 1328 AND
2 1 138 1328 1329 AND
2 1 1319 1329 1330 AND
2 1 92 138 1331 AND
2 1 70 138 1332 AND
2 1 1331 1332 1333 AND
2 1 136 1333 1334 AND
2 1 125 138 1335 AND
2 1 75 138 1336 AND
2 1 1335 1336 1337 AND
2 1 136 1337 1338 AND
2 1 1334 1338 1339 AND
2 1 137 1339 1340 AND
2 1 80 138 1341 AND
2 1 100 138 1342 AND
2 1 1341 1342 1343 AND
2 1 136 1343 1344 AND
2 1 35 1183 1345 AND
2 1 1344 1345 1346 AND
2 1 137 1346 1347 AND
2 1 1340 1347 1348 AND
2 1 27 620 1349 AND
2 1 1192 1349 1350 AND
2 1 549 1350 1351 AND
2 1 194 1351 1352 AND
2 1 98 138 1353 AND
2 1 71 138 1354 AND
2 1 1353 1354 1355 AND
2 1 136 1355 1356 AND
2 1 76 138 1357 AND
2 1 23 138 1358 AND
2 1 1357 1358 1359 AND
2 1 136 1359 1360 AND
2 1 1356 1360 1361 AND
2 1 137 1361 1362 AND
2 1 36 1183 1363 AND
2 1 81 138 1364 AND
2 1 97 138 1365 AND
2 1 1364 1365 1366 AND
2 1 136 1366 1367 AND
2 1 1363 1367 1368 AND
2 1 137 1368 1369 AND
2 1 1362 1369 1370 AND
2 1 88 138 1371 AND
2 1 64 138 1372 AND
2 1 1371 1372 1373 AND
2 1 136 1373 1374 AND
2 1 120 138 1375 AND
2 1 67 138 1376 AND
2 1 1375 1376 1377 AND
2 1 136 1377 1378 AND
2 1 1374 1378 1379 AND
2 1 137 1379 1380 AND
2 1 86 138 1381 AND
2 1 111 138 1382 AND
2 1 1381 1382 1383 AND
2 1 136 1383 1384 AND
2 1 30 1183 1385 AND
2 1 1384 1385 1386 AND
2 1 137 1386 1387 AND
2 1 1380 1387 1388 AND
2 1 26 573 1389 AND
2 1 129 627 1390 AND
2 1 1389 1390 1391 AND
2 1 3 116 1392 AND
2 1 1391 1392 1393 AND
2 1 97 591 1394 AND
2 1 673 1394 1395 AND
2 1 129 1392 1396 AND
2 1 1395 1396 1397 AND
2 1 111 1241 1398 AND
2 1 136 139 1399 AND
2 1 137 138 1400 AND
2 1 82 1400 1401 AND
2 1 1399 1401 1402 AND
2 1 1398 1402 1403 AND
2 1 129 1069 1404 AND
2 1 1403 1404 1405 AND
2 1 136 141 1406 AND
2 1 1401 1406 1407 AND
2 1 112 1241 1408 AND
2 1 1407 1408 1409 AND
2 1 1404 1409 1410 AND
2 1 11 22 1411 AND
2 1 54 1411 1412 AND
2 1 54 113 1413 AND
2 1 129 1413 1414 AND
2 1 1412 1414 1415 AND
2 1 3 1415 1416 AND
2 1 136 140 1417 AND
2 1 1401 1417 1418 AND
2 1 115 1241 1419 AND
2 1 1418 1419 1420 AND
2 1 1404 1420 1421 AND
2 1 4 12 1422 AND
2 1 7 9 1423 AND
2 1 1422 1423 1424 AND
2 1 3 54 1425 AND
2 1 129 1425 1426 AND
2 1 1424 1426 1427 AND
2 1 122 129 1428 AND
2 1 54 118 1429 AND
2 1 54 59 1430 AND
2 1 393 1430 1431 AND
2 1 1429 1431 1432 AND
2 1 129 1432 1433 AND
2 1 129 560 1434 AND
2 1 110 120 1435 AND
2 1 3 1435 1436 AND
2 1 111 129 1437 AND
2 1 1436 1437 1438 AND
2 1 81 120 1439 AND
2 1 129 1439 1440 AND
2 1 129 134 1441 AND
2 1 129 135 1442 AND
2 1 57 129 1443 AND
2 1 96 125 1444 AND
2 1 3 1444 1445 AND
2 1 129 1445 1446 AND
2 1 126 132 1447 AND
2 1 133 1447 1448 AND