2 1 4 8 13 AND
2 1 1 4 14 AND
2 1 14 0 15 XOR
2 1 13 15 16 AND
2 1 6 7 17 AND
2 1 16 17 18 AND
2 1 4 8 19 AND
2 1 18 19 20 AND
2 1 5 20 21 AND
2 1 1 2 22 AND
2 1 5 7 23 AND
2 1 22 23 24 AND
2 1 3 24 25 AND
2 1 7 25 26 AND
2 1 4 3 27 XOR
2 1 25 27 28 AND
2 1 26 28 29 AND
2 1 8 29 30 AND
2 1 5 8 31 AND
2 1 4 31 32 AND
2 1 30 32 33 AND
2 1 21 33 34 AND
2 1 9 34 35 AND
2 1 4 8 36 AND
2 1 3 36 37 AND
2 1 4 7 38 AND
2 1 37 38 39 AND
2 1 22 39 40 AND
2 1 1 2 41 AND
2 1 7 8 42 AND
2 1 41 42 43 AND
2 1 9 43 44 AND
2 1 40 44 45 AND
2 1 5 6 46 AND
2 1 45 46 47 AND
2 1 6 9 48 AND
2 1 5 48 49 AND
2 1 47 49 50 AND
2 1 35 50 51 AND
2 1 10 51 52 AND
2 1 3 2 54 XOR
2 1 8 9 55 AND
2 1 54 55 56 AND
2 1 10 56 57 AND
2 1 7 57 58 AND
2 1 9 10 59 AND
2 1 8 59 60 AND
2 1 58 60 61 AND
2 1 6 61 62 AND
2 1 6 10 63 AND
2 1 7 63 64 AND
2 1 62 64 65 AND
2 1 52 65 66 AND
2 1 4 9 67 AND
2 1 2 7 68 AND
2 1 67 68 69 AND
2 1 1 69 70 AND
2 1 0 1 72 AND
2 1 2 0 73 XOR
2 1 72 73 74 AND
2 1 4 7 75 AND
2 1 74 75 76 AND
2 1 8 9 77 AND
2 1 76 77 78 AND
2 1 70 78 79 AND
2 1 6 79 80 AND
2 1 3 4 81 AND
2 1 7 9 82 AND
2 1 81 82 83 AND
2 1 8 83 84 AND
2 1 7 9 85 AND
2 1 84 85 86 AND
2 1 80 86 87 AND
2 1 5 87 88 AND
2 1 1 2 71 AND
2 1 4 55 89 AND
2 1 4 17 90 AND
2 1 89 90 91 AND
2 1 71 91 92 AND
2 1 36 82 93 AND
2 1 92 93 94 AND
2 1 3 94 95 AND
2 1 4 77 96 AND
2 1 7 9 97 AND
2 1 96 97 98 AND
2 1 6 98 99 AND
2 1 95 99 100 AND
2 1 5 100 101 AND
2 1 4 77 102 AND
2 1 85 102 103 AND
2 1 6 103 104 AND
2 1 101 104 105 AND
2 1 88 105 106 AND
2 1 10 106 107 AND
2 1 6 9 108 AND
2 1 4 108 109 AND
2 1 3 46 110 AND
2 1 109 110 111 AND
2 1 2 111 112 AND
2 1 1 46 113 AND
2 1 109 113 114 AND
2 1 3 114 115 AND
2 1 2 3 116 AND
2 1 4 108 117 AND
2 1 116 117 118 AND
2 1 10 118 119 AND
2 1 115 119 120 AND
2 1 112 120 121 AND
2 1 7 121 122 AND
2 1 63 122 123 AND
2 1 8 123 124 AND
2 1 6 10 125 AND
2 1 7 125 126 AND
2 1 77 126 127 AND
2 1 124 127 128 AND
2 1 107 128 129 AND
2 1 4 6 130 AND
2 1 0 3 131 AND
2 1 130 131 132 AND
2 1 4 5 133 AND
2 1 3 133 134 AND
2 1 132 134 135 AND
2 1 1 135 136 AND
2 1 4 6 137 AND
2 1 0 1 138 AND
2 1 81 138 139 AND
2 1 137 139 140 AND
2 1 5 140 141 AND
2 1 136 141 142 AND
2 1 2 142 143 AND
2 1 3 6 144 AND
2 1 2 144 145 AND
2 1 3 5 146 AND
2 1 145 146 147 AND
2 1 4 147 148 AND
2 1 143 148 149 AND
2 1 7 149 150 AND
2 1 5 6 151 AND
2 1 2 151 152 AND
2 1 113 152 153 AND
2 1 81 153 154 AND
2 1 5 6 155 AND
2 1 81 155 156 AND
2 1 154 156 157 AND
2 1 150 157 158 AND
2 1 8 158 159 AND
2 1 6 7 160 AND
2 1 3 160 161 AND
2 1 6 7 162 AND
2 1 2 162 163 AND
2 1 161 163 164 AND
2 1 4 5 165 AND
2 1 164 165 166 AND
2 1 6 7 167 AND
2 1 165 167 168 AND
2 1 166 168 169 AND
2 1 159 169 170 AND
2 1 9 170 171 AND
2 1 4 6 172 AND
2 1 23 172 173 AND
2 1 160 173 174 AND
2 1 8 174 175 AND
2 1 171 175 176 AND
2 1 10 176 177 AND
2 1 8 10 178 AND
2 1 8 9 179 AND
2 1 5 179 180 AND
2 1 178 180 181 AND
2 1 167 181 182 AND
2 1 5 7 183 AND
2 1 8 183 184 AND
2 1 10 184 185 AND
2 1 9 185 186 AND
2 1 182 186 187 AND
2 1 177 187 188 AND
2 1 2 167 189 AND
2 1 5 19 190 AND
2 1 189 190 191 AND
2 1 4 8 12 AND
2 1 5 12 192 AND
2 1 17 192 193 AND
2 1 191 193 194 AND
2 1 3 9 195 AND
2 1 10 195 196 AND
2 1 194 196 197 AND
2 1 75 155 198 AND
2 1 5 6 199 AND
2 1 138 199 200 AND
2 1 198 200 201 AND
2 1 116 201 202 AND
2 1 7 155 206 AND
2 1 46 71 207 AND
2 1 9 207 208 AND
2 1 206 208 209 AND
2 1 4 162 203 AND
2 1 7 46 204 AND
2 1 3 204 205 AND
2 1 203 205 210 AND
2 1 209 210 211 AND
2 1 202 211 212 AND
2 1 8 212 213 AND
2 1 2 3 53 AND
2 1 3 8 214 AND
2 1 53 214 215 AND
2 1 7 155 216 AND
2 1 215 216 217 AND
2 1 4 9 218 AND
2 1 217 218 219 AND
2 1 9 216 220 AND
2 1 219 220 221 AND
2 1 213 221 222 AND
2 1 10 222 223 AND
2 1 6 8 224 AND
2 1 183 224 225 AND
2 1 1 3 226 AND
2 1 0 226 227 AND
2 1 5 7 228 AND
2 1 8 228 229 AND
2 1 227 229 230 AND
2 1 225 230 231 AND
2 1 2 231 232 AND
2 1 8 183 233 AND
2 1 3 6 234 AND
2 1 233 234 235 AND
2 1 232 235 236 AND
2 1 4 236 237 AND
2 1 116 172 238 AND
2 1 5 238 239 AND
2 1 151 239 240 AND
2 1 42 240 241 AND
2 1 9 10 242 AND
2 1 241 242 243 AND
2 1 237 243 244 AND
2 1 2 81 245 AND
2 1 155 245 246 AND
2 1 42 242 247 AND
2 1 246 247 248 AND