2 1 319 447 616 AND
2 1 303 431 645 AND
2 1 288 416 674 AND
2 1 280 408 771 AND
2 1 279 407 678 AND
2 1 272 400 743 AND
2 1 271 399 682 AND
2 1 264 392 715 AND
2 1 263 391 686 AND
2 1 260 388 701 AND
2 1 259 387 688 AND
2 1 256 384 689 AND
2 1 257 385 691 AND
2 1 689 691 692 AND
2 1 258 386 690 AND
2 1 257 385 693 AND
2 1 690 693 694 AND
2 1 692 694 695 AND
2 1 258 386 696 AND
2 1 695 696 697 AND
2 1 688 697 698 AND
2 1 259 387 699 AND
2 1 698 699 700 AND
2 1 260 388 702 AND
2 1 700 702 703 AND
2 1 701 703 704 AND
2 1 261 389 705 AND
2 1 704 705 706 AND
2 1 262 390 687 AND
2 1 261 389 707 AND
2 1 687 707 708 AND
2 1 706 708 709 AND
2 1 262 390 710 AND
2 1 709 710 711 AND
2 1 686 711 712 AND
2 1 263 391 713 AND
2 1 712 713 714 AND
2 1 264 392 716 AND
2 1 714 716 717 AND
2 1 715 717 718 AND
2 1 265 393 719 AND
2 1 718 719 720 AND
2 1 266 394 685 AND
2 1 265 393 721 AND
2 1 685 721 722 AND
2 1 720 722 723 AND
2 1 266 394 724 AND
2 1 723 724 725 AND
2 1 267 395 726 AND
2 1 725 726 727 AND
2 1 268 396 684 AND
2 1 267 395 728 AND
2 1 684 728 729 AND
2 1 727 729 730 AND
2 1 268 396 731 AND
2 1 730 731 732 AND
2 1 269 397 733 AND
2 1 732 733 734 AND
2 1 270 398 683 AND
2 1 269 397 735 AND
2 1 683 735 736 AND
2 1 734 736 737 AND
2 1 270 398 738 AND
2 1 737 738 739 AND
2 1 682 739 740 AND
2 1 271 399 741 AND
2 1 740 741 742 AND
2 1 272 400 744 AND
2 1 742 744 745 AND
2 1 743 745 746 AND
2 1 273 401 747 AND
2 1 746 747 748 AND
2 1 274 402 681 AND
2 1 273 401 749 AND
2 1 681 749 750 AND
2 1 748 750 751 AND
2 1 274 402 752 AND
2 1 751 752 753 AND
2 1 275 403 754 AND
2 1 753 754 755 AND
2 1 276 404 680 AND
2 1 275 403 756 AND
2 1 680 756 757 AND
2 1 755 757 758 AND
2 1 276 404 759 AND
2 1 758 759 760 AND
2 1 277 405 761 AND
2 1 760 761 762 AND
2 1 278 406 679 AND
2 1 277 405 763 AND
2 1 679 763 764 AND
2 1 762 764 765 AND
2 1 278 406 766 AND
2 1 765 766 767 AND
2 1 678 767 768 AND
2 1 279 407 769 AND
2 1 768 769 770 AND
2 1 280 408 772 AND
2 1 770 772 773 AND
2 1 771 773 774 AND
2 1 281 409 775 AND
2 1 774 775 776 AND
2 1 282 410 677 AND
2 1 281 409 777 AND
2 1 677 777 778 AND
2 1 776 778 779 AND
2 1 282 410 780 AND
2 1 779 780 781 AND
2 1 283 411 782 AND
2 1 781 782 783 AND
2 1 284 412 676 AND
2 1 283 411 784 AND
2 1 676 784 785 AND
2 1 783 785 786 AND
2 1 284 412 787 AND
2 1 786 787 788 AND
2 1 285 413 789 AND
2 1 788 789 790 AND
2 1 286 414 675 AND
2 1 285 413 791 AND
2 1 675 791 792 AND
2 1 790 792 793 AND
2 1 286 414 794 AND
2 1 793 794 795 AND
2 1 287 415 809 AND
2 1 795 809 810 AND
2 1 295 423 796 AND
2 1 294 422 797 AND
2 1 796 797 798 AND
2 1 292 420 799 AND
2 1 293 421 800 AND
2 1 799 800 801 AND
2 1 798 801 802 AND
2 1 289 417 803 AND
2 1 291 419 804 AND
2 1 290 418 805 AND
2 1 804 805 806 AND
2 1 803 806 807 AND
2 1 802 807 808 AND
2 1 287 415 811 AND
2 1 808 811 812 AND
2 1 810 812 813 AND
2 1 674 813 814 AND
2 1 291 419 823 AND
2 1 288 416 824 AND
2 1 803 824 825 AND
2 1 289 417 826 AND
2 1 290 418 827 AND
2 1 826 827 828 AND
2 1 825 828 829 AND
2 1 806 829 830 AND
2 1 823 830 831 AND
2 1 802 831 832 AND
2 1 294 422 821 AND
2 1 796 821 822 AND
2 1 295 423 815 AND
2 1 292 420 816 AND
2 1 800 816 817 AND
2 1 293 421 818 AND
2 1 817 818 819 AND
2 1 798 819 820 AND
2 1 815 820 833 AND
2 1 822 833 834 AND
2 1 832 834 835 AND
2 1 814 835 836 AND
2 1 303 431 646 AND
2 1 302 430 647 AND
2 1 646 647 648 AND
2 1 300 428 649 AND
2 1 301 429 650 AND
2 1 649 650 651 AND
2 1 648 651 652 AND
2 1 299 427 654 AND
2 1 298 426 655 AND
2 1 654 655 656 AND
2 1 297 425 657 AND
2 1 296 424 837 AND
2 1 657 837 838 AND
2 1 656 838 839 AND
2 1 652 839 840 AND
2 1 836 840 841 AND
2 1 302 430 672 AND
2 1 646 672 673 AND
2 1 299 427 653 AND
2 1 296 424 658 AND
2 1 657 658 659 AND
2 1 297 425 660 AND
2 1 298 426 661 AND
2 1 660 661 662 AND
2 1 659 662 663 AND
2 1 656 663 664 AND
2 1 653 664 665 AND
2 1 652 665 666 AND
2 1 300 428 667 AND
2 1 650 667 668 AND
2 1 301 429 669 AND
2 1 668 669 670 AND
2 1 648 670 671 AND
2 1 666 671 842 AND
2 1 673 842 843 AND
2 1 841 843 844 AND
2 1 645 844 845 AND
2 1 311 439 847 AND
2 1 310 438 848 AND
2 1 847 848 849 AND
2 1 309 437 850 AND
2 1 308 436 851 AND
2 1 850 851 852 AND
2 1 849 852 853 AND
2 1 307 435 855 AND
2 1 306 434 856 AND
2 1 855 856 857 AND
2 1 304 432 846 AND
2 1 305 433 854 AND
2 1 846 854 858 AND
2 1 857 858 859 AND
2 1 853 859 860 AND
2 1 845 860 861 AND
2 1 307 435 863 AND
2 1 304 432 864 AND
2 1 854 864 865 AND
2 1 305 433 866 AND
2 1 306 434 867 AND
2 1 866 867 868 AND
2 1 865 868 869 AND
2 1 857 869 870 AND
2 1 863 870 871 AND
2 1 853 871 872 AND
2 1 311 439 862 AND
2 1 308 436 873 AND
2 1 850 873 874 AND
2 1 309 437 875 AND
2 1 310 438 876 AND
2 1 875 876 877 AND
2 1 874 877 878 AND
2 1 849 878 879 AND
2 1 862 879 880 AND
2 1 872 880 881 AND
2 1 861 881 882 AND
2 1 319 447 617 AND
2 1 318 446 618 AND
2 1 617 618 619 AND
2 1 316 444 620 AND
2 1 317 445 621 AND
2 1 620 621 622 AND
2 1 619 622 623 AND
2 1 315 443 625 AND
2 1 314 442 626 AND
2 1 625 626 627 AND
2 1 313 441 628 AND
2 1 312 440 883 AND
2 1 628 883 884 AND
2 1 627 884 885 AND
2 1 623 885 886 AND
2 1 882 886 887 AND
2 1 318 446 643 AND
2 1 617 643 644 AND
2 1 315 443 624 AND
2 1 312 440 629 AND
2 1 628 629 630 AND
2 1 313 441 631 AND
2 1 314 442 632 AND
2 1 631 632 633 AND
2 1 630 633 634 AND
2 1 627 634 635 AND
2 1 624 635 636 AND
2 1 623 636 637 AND
2 1 316 444 638 AND
2 1 621 638 639 AND
2 1 317 445 640 AND
2 1 639 640 641 AND
2 1 619 641 642 AND
2 1 637 642 888 AND
2 1 644 888 889 AND
2 1 887 889 890 AND
2 1 616 890 891 AND
2 1 320 448 892 AND
2 1 323 451 612 AND
2 1 322 450 613 AND
2 1 612 613 614 AND
2 1 321 449 615 AND
2 1 614 615 893 AND
2 1 892 893 894 AND
2 1 891 894 895 AND
2 1 323 451 896 AND
2 1 320 448 897 AND
2 1 615 897 898 AND
2 1 321 449 899 AND
2 1 322 450 900 AND
2 1 899 900 901 AND
2 1 898 901 902 AND
2 1 614 902 903 AND
2 1 896 903 904 AND
2 1 895 904 905 AND
2 1 327 455 601 AND
2 1 326 454 602 AND
2 1 601 602 603 AND
2 1 325 453 604 AND
2 1 324 452 906 AND
2 1 604 906 907 AND
2 1 603 907 908 AND
2 1 905 908 909 AND
2 1 326 454 610 AND
2 1 601 610 611 AND
2 1 327 455 600 AND
2 1 324 452 605 AND
2 1 604 605 606 AND
2 1 325 453 607 AND
2 1 606 607 608 AND
2 1 603 608 609 AND
2 1 600 609 910 AND
2 1 611 910 911 AND
2 1 909 911 912 AND
2 1 331 459 913 AND
2 1 330 458 914 AND
2 1 913 914 915 AND
2 1 329 457 916 AND
2 1 328 456 917 AND
2 1 916 917 918 AND
2 1 915 918 919 AND
2 1 912 919 920 AND
2 1 331 459 921 AND
2 1 328 456 922 AND
2 1 916 922 923 AND
2 1 329 457 924 AND
2 1 330 458 925 AND
2 1 924 925 926 AND
2 1 923 926 927 AND
2 1 915 927 928 AND
2 1 921 928 929 AND
2 1 920 929 930 AND
2 1 335 463 589 AND
2 1 334 462 590 AND
2 1 589 590 591 AND
2 1 333 461 592 AND
2 1 332 460 931 AND
2 1 592 931 932 AND
2 1 591 932 933 AND
2 1 930 933 934 AND
2 1 334 462 598 AND
2 1 589 598 599 AND
2 1 335 463 588 AND
2 1 332 460 593 AND
2 1 592 593 594 AND
2 1 333 461 595 AND
2 1 594 595 596 AND
2 1 591 596 597 AND
2 1 588 597 935 AND
2 1 599 935 936 AND
2 1 934 936 937 AND
2 1 337 465 587 AND
2 1 336 464 583 AND
2 1 339 467 584 AND
2 1 338 466 585 AND
2 1 584 585 586 AND
2 1 583 586 938 AND
2 1 587 938 939 AND
2 1 937 939 940 AND
2 1 339 467 941 AND
2 1 336 464 942 AND
2 1 587 942 943 AND
2 1 337 465 944 AND
2 1 338 466 945 AND
2 1 944 945 946 AND
2 1 943 946 947 AND
2 1 586 947 948 AND
2 1 941 948 949 AND
2 1 940 949 950 AND
2 1 343 471 572 AND
2 1 342 470 573 AND
2 1 572 573 574 AND
2 1 341 469 575 AND
2 1 340 468 951 AND
2 1 575 951 952 AND
2 1 574 952 953 AND
2 1 950 953 954 AND
2 1 342 470 581 AND
2 1 572 581 582 AND
2 1 343 471 571 AND
2 1 340 468 576 AND
2 1 575 576 577 AND
2 1 341 469 578 AND
2 1 577 578 579 AND
2 1 574 579 580 AND
2 1 571 580 955 AND
2 1 582 955 956 AND
2 1 954 956 957 AND
2 1 347 475 958 AND
2 1 346 474 959 AND
2 1 958 959 960 AND
2 1 345 473 961 AND
2 1 344 472 962 AND
2 1 961 962 963 AND
2 1 960 963 964 AND
2 1 957 964 965 AND
2 1 347 475 966 AND
2 1 344 472 967 AND
2 1 961 967 968 AND
2 1 345 473 969 AND
2 1 346 474 970 AND
2 1 969 970 971 AND
2 1 968 971 972 AND
2 1 960 972 973 AND
2 1 966 973 974 AND
2 1 965 974 975 AND
2 1 351 479 560 AND
2 1 350 478 561 AND
2 1 560 561 562 AND
2 1 349 477 563 AND
2 1 348 476 976 AND
2 1 563 976 977 AND
2 1 562 977 978 AND
2 1 975 978 979 AND
2 1 350 478 569 AND
2 1 560 569 570 AND
2 1 351 479 559 AND
2 1 348 476 564 AND
2 1 563 564 565 AND
2 1 349 477 566 AND
2 1 565 566 567 AND
2 1 562 567 568 AND
2 1 559 568 980 AND
2 1 570 980 981 AND
2 1 979 981 982 AND
2 1 353 481 558 AND
2 1 352 480 554 AND
2 1 355 483 555 AND
2 1 354 482 556 AND
2 1 555 556 557 AND
2 1 554 557 983 AND
2 1 558 983 984 AND
2 1 982 984 985 AND
2 1 355 483 986 AND
2 1 352 480 987 AND
2 1 558 987 988 AND
2 1 353 481 989 AND
2 1 354 482 990 AND
2 1 989 990 991 AND
2 1 988 991 992 AND
2 1 557 992 993 AND
2 1 986 993 994 AND
2 1 985 994 995 AND
2 1 359 487 543 AND
2 1 358 486 544 AND
2 1 543 544 545 AND
2 1 357 485 546 AND
2 1 356 484 996 AND
2 1 546 996 997 AND
2 1 545 997 998 AND
2 1 995 998 999 AND
2 1 358 486 552 AND
2 1 543 552 553 AND
2 1 359 487 542 AND
2 1 356 484 547 AND
2 1 546 547 548 AND
2 1 357 485 549 AND
2 1 548 549 550 AND
2 1 545 550 551 AND
2 1 542 551 1000 AND
2 1 553 1000 1001 AND
2 1 999 1001 1002 AND
2 1 363 491 1003 AND
2 1 362 490 1004 AND
2 1 1003 1004 1005 AND
2 1 361 489 1006 AND
2 1 360 488 1007 AND
2 1 1006 1007 1008 AND
2 1 1005 1008 1009 AND
2 1 1002 1009 1010 AND
2 1 363 491 1011 AND
2 1 360 488 1012 AND
2 1 1006 1012 1013 AND
2 1 361 489 1014 AND
2 1 362 490 1015 AND
2 1 1014 1015 1016 AND
2 1 1013 1016 1017 AND
2 1 1005 1017 1018 AND
2 1 1011 1018 1019 AND
2 1 1010 1019 1020 AND
2 1 367 495 531 AND
2 1 366 494 532 AND
2 1 531 532 533 AND
2 1 365 493 534 AND
2 1 364 492 1021 AND
2 1 534 1021 1022 AND
2 1 533 1022 1023 AND
2 1 1020 1023 1024 AND
2 1 366 494 540 AND
2 1 531 540 541 AND
2 1 367 495 530 AND
2 1 364 492 535 AND
2 1 534 535 536 AND
2 1 365 493 537 AND
2 1 536 537 538 AND
2 1 533 538 539 AND
2 1 530 539 1025 AND
2 1 541 1025 1026 AND
2 1 1024 1026 1027 AND
2 1 369 497 529 AND
2 1 368 496 525 AND
2 1 371 499 526 AND
2 1 370 498 527 AND
2 1 526 527 528 AND
2 1 525 528 1028 AND
2 1 529 1028 1029 AND
2 1 1027 1029 1030 AND
2 1 371 499 1031 AND
2 1 368 496 1032 AND
2 1 529 1032 1033 AND
2 1 369 497 1034 AND
2 1 370 498 1035 AND
2 1 1034 1035 1036 AND
2 1 1033 1036 1037 AND
2 1 528 1037 1038 AND
2 1 1031 1038 1039 AND
2 1 1030 1039 1040 AND
2 1 375 503 514 AND
2 1 374 502 515 AND
2 1 514 515 516 AND
2 1 373 501 517 AND
2 1 372 500 1041 AND
2 1 517 1041 1042 AND
2 1 516 1042 1043 AND
2 1 1040 1043 1044 AND
2 1 374 502 523 AND
2 1 514 523 524 AND
2 1 375 503 513 AND
2 1 372 500 518 AND
2 1 517 518 519 AND
2 1 373 501 520 AND
2 1 519 520 521 AND
2 1 516 521 522 AND
2 1 513 522 1045 AND
2 1 524 1045 1046 AND
2 1 1044 1046 1047 AND
2 1 379 507 1048 AND
2 1 378 506 1049 AND
2 1 1048 1049 1050 AND
2 1 377 505 1051 AND
2 1 376 504 1052 AND
2 1 1051 1052 1053 AND
2 1 1050 1053 1054 AND
2 1 1047 1054 1055 AND
2 1 379 507 1056 AND
2 1 376 504 1057 AND
2 1 1051 1057 1058 AND
2 1 377 505 1059 AND
2 1 378 506 1060 AND
2 1 1059 1060 1061 AND
2 1 1058 1061 1062 AND
2 1 1050 1062 1063 AND
2 1 1056 1063 1064 AND
2 1 1055 1064 1065 AND
2 1 382 510 1068 AND
2 1 381 509 1069 AND
2 1 1068 1069 1070 AND
2 1 380 508 1066 AND
2 1 383 511 1067 AND
2 1 1066 1067 1071 AND
2 1 1070 1071 1072 AND
2 1 1065 1072 1073 AND
2 1 380 508 1074 AND
2 1 381 509 1075 AND
2 1 1074 1075 1076 AND
2 1 1070 1076 1077 AND
2 1 382 510 1078 AND
2 1 1077 1078 1079 AND
2 1 1067 1079 1080 AND
2 1 383 511 1660 AND
2 1 1080 1660 1661 AND
2 1 1073 1661 1662 AND
2 1 384 1662 2362 AND
2 1 256 1662 2363 AND
2 1 2362 2363 2364 AND
2 1 63 191 1186 AND
2 1 47 175 1215 AND
2 1 32 160 1244 AND
2 1 24 152 1341 AND
2 1 23 151 1248 AND
2 1 16 144 1313 AND
2 1 15 143 1252 AND
2 1 8 136 1285 AND
2 1 7 135 1256 AND
2 1 4 132 1271 AND
2 1 3 131 1258 AND
2 1 0 128 1259 AND
2 1 1 129 1260 AND
2 1 1259 1260 1261 AND
2 1 2 130 1262 AND
2 1 1 129 1263 AND
2 1 1262 1263 1264 AND
2 1 1261 1264 1265 AND
2 1 2 130 1266 AND
2 1 1265 1266 1267 AND
2 1 1258 1267 1268 AND
2 1 3 131 1269 AND
2 1 1268 1269 1270 AND
2 1 4 132 1272 AND
2 1 1270 1272 1273 AND
2 1 1271 1273 1274 AND
2 1 5 133 1275 AND
2 1 1274 1275 1276 AND
2 1 6 134 1257 AND
2 1 5 133 1277 AND
2 1 1257 1277 1278 AND
2 1 1276 1278 1279 AND
2 1 6 134 1280 AND
2 1 1279 1280 1281 AND
2 1 1256 1281 1282 AND
2 1 7 135 1283 AND
2 1 1282 1283 1284 AND
2 1 8 136 1286 AND
2 1 1284 1286 1287 AND
2 1 1285 1287 1288 AND
2 1 9 137 1289 AND
2 1 1288 1289 1290 AND
2 1 10 138 1255 AND
2 1 9 137 1291 AND
2 1 1255 1291 1292 AND
2 1 1290 1292 1293 AND
2 1 10 138 1294 AND
2 1 1293 1294 1295 AND
2 1 11 139 1296 AND
2 1 1295 1296 1297 AND
2 1 12 140 1254 AND
2 1 11 139 1298 AND
2 1 1254 1298 1299 AND
2 1 1297 1299 1300 AND
2 1 12 140 1301 AND
2 1 1300 1301 1302 AND
2 1 13 141 1303 AND
2 1 1302 1303 1304 AND
2 1 14 142 1253 AND
2 1 13 141 1305 AND
2 1 1253 1305 1306 AND
2 1 1304 1306 1307 AND
2 1 14 142 1308 AND
2 1 1307 1308 1309 AND
2 1 1252 1309 1310 AND
2 1 15 143 1311 AND
2 1 1310 1311 1312 AND
2 1 16 144 1314 AND
2 1 1312 1314 1315 AND
2 1 1313 1315 1316 AND
2 1 17 145 1317 AND
2 1 1316 1317 1318 AND
2 1 18 146 1251 AND
2 1 17 145 1319 AND
2 1 1251 1319 1320 AND
2 1 1318 1320 1321 AND
2 1 18 146 1322 AND
2 1 1321 1322 1323 AND
2 1 19 147 1324 AND
2 1 1323 1324 1325 AND
2 1 20 148 1250 AND
2 1 19 147 1326 AND
2 1 1250 1326 1327 AND
2 1 1325 1327 1328 AND
2 1 20 148 1329 AND
2 1 1328 1329 1330 AND
2 1 21 149 1331 AND
2 1 1330 1331 1332 AND
2 1 22 150 1249 AND
2 1 21 149 1333 AND
2 1 1249 1333 1334 AND
2 1 1332 1334 1335 AND
2 1 22 150 1336 AND
2 1 1335 1336 1337 AND
2 1 1248 1337 1338 AND
2 1 23 151 1339 AND
2 1 1338 1339 1340 AND
2 1 24 152 1342 AND
2 1 1340 1342 1343 AND
2 1 1341 1343 1344 AND
2 1 25 153 1345 AND
2 1 1344 1345 1346 AND
2 1 26 154 1247 AND
2 1 25 153 1347 AND
2 1 1247 1347 1348 AND
2 1 1346 1348 1349 AND
2 1 26 154 1350 AND
2 1 1349 1350 1351 AND
2 1 27 155 1352 AND
2 1 1351 1352 1353 AND
2 1 28 156 1246 AND
2 1 27 155 1354 AND
2 1 1246 1354 1355 AND
2 1 1353 1355 1356 AND
2 1 28 156 1357 AND
2 1 1356 1357 1358 AND
2 1 29 157 1359 AND
2 1 1358 1359 1360 AND
2 1 30 158 1245 AND
2 1 29 157 1361 AND
2 1 1245 1361 1362 AND
2 1 1360 1362 1363 AND
2 1 30 158 1364 AND
2 1 1363 1364 1365 AND
2 1 31 159 1379 AND
2 1 1365 1379 1380 AND
2 1 39 167 1366 AND
2 1 38 166 1367 AND
2 1 1366 1367 1368 AND
2 1 36 164 1369 AND
2 1 37 165 1370 AND
2 1 1369 1370 1371 AND
2 1 1368 1371 1372 AND
2 1 33 161 1373 AND
2 1 35 163 1374 AND
2 1 34 162 1375 AND
2 1 1374 1375 1376 AND
2 1 1373 1376 1377 AND
2 1 1372 1377 1378 AND
2 1 31 159 1381 AND
2 1 1378 1381 1382 AND
2 1 1380 1382 1383 AND
2 1 1244 1383 1384 AND
2 1 35 163 1393 AND
2 1 32 160 1394 AND
2 1 1373 1394 1395 AND
2 1 33 161 1396 AND
2 1 34 162 1397 AND
2 1 1396 1397 1398 AND
2 1 1395 1398 1399 AND
2 1 1376 1399 1400 AND
2 1 1393 1400 1401 AND
2 1 1372 1401 1402 AND
2 1 38 166 1391 AND
2 1 1366 1391 1392 AND
2 1 39 167 1385 AND
2 1 36 164 1386 AND
2 1 1370 1386 1387 AND
2 1 37 165 1388 AND
2 1 1387 1388 1389 AND
2 1 1368 1389 1390 AND
2 1 1385 1390 1403 AND
2 1 1392 1403 1404 AND
2 1 1402 1404 1405 AND
2 1 1384 1405 1406 AND
2 1 47 175 1216 AND
2 1 46 174 1217 AND
2 1 1216 1217 1218 AND
2 1 44 172 1219 AND
2 1 45 173 1220 AND
2 1 1219 1220 1221 AND
2 1 1218 1221 1222 AND
2 1 43 171 1224 AND
2 1 42 170 1225 AND
2 1 1224 1225 1226 AND
2 1 41 169 1227 AND
2 1 40 168 1407 AND
2 1 1227 1407 1408 AND
2 1 1226 1408 1409 AND
2 1 1222 1409 1410 AND
2 1 1406 1410 1411 AND
2 1 46 174 1242 AND
2 1 1216 1242 1243 AND
2 1 43 171 1223 AND
2 1 40 168 1228 AND
2 1 1227 1228 1229 AND
2 1 41 169 1230 AND
2 1 42 170 1231 AND
2 1 1230 1231 1232 AND
2 1 1229 1232 1233 AND
2 1 1226 1233 1234 AND
2 1 1223 1234 1235 AND
2 1 1222 1235 1236 AND
2 1 44 172 1237 AND
2 1 1220 1237 1238 AND
2 1 45 173 1239 AND
2 1 1238 1239 1240 AND
2 1 1218 1240 1241 AND
2 1 1236 1241 1412 AND
2 1 1243 1412 1413 AND
2 1 1411 1413 1414 AND
2 1 1215 1414 1415 AND
2 1 55 183 1417 AND
2 1 54 182 1418 AND
2 1 1417 1418 1419 AND
2 1 53 181 1420 AND
2 1 52 180 1421 AND
2 1 1420 1421 1422 AND
2 1 1419 1422 1423 AND
2 1 51 179 1425 AND
2 1 50 178 1426 AND
2 1 1425 1426 1427 AND
2 1 48 176 1416 AND
2 1 49 177 1424 AND
2 1 1416 1424 1428 AND
2 1 1427 1428 1429 AND
2 1 1423 1429 1430 AND
2 1 1415 1430 1431 AND
2 1 51 179 1433 AND
2 1 48 176 1434 AND
2 1 1424 1434 1435 AND
2 1 49 177 1436 AND
2 1 50 178 1437 AND
2 1 1436 1437 1438 AND
2 1 1435 1438 1439 AND
2 1 1427 1439 1440 AND
2 1 1433 1440 1441 AND
2 1 1423 1441 1442 AND
2 1 55 183 1432 AND
2 1 52 180 1443 AND
2 1 1420 1443 1444 AND
2 1 53 181 1445 AND
2 1 54 182 1446 AND
2 1 1445 1446 1447 AND
2 1 1444 1447 1448 AND
2 1 1419 1448 1449 AND
2 1 1432 1449 1450 AND
2 1 1442 1450 1451 AND
2 1 1431 1451 1452 AND
2 1 63 191 1187 AND
2 1 62 190 1188 AND
2 1 1187 1188 1189 AND
2 1 60 188 1190 AND
2 1 61 189 1191 AND
2 1 1190 1191 1192 AND
2 1 1189 1192 1193 AND
2 1 59 187 1195 AND
2 1 58 186 1196 AND
2 1 1195 1196 1197 AND
2 1 57 185 1198 AND
2 1 56 184 1453 AND
2 1 1198 1453 1454 AND
2 1 1197 1454 1455 AND
2 1 1193 1455 1456 AND
2 1 1452 1456 1457 AND
2 1 62 190 1213 AND
2 1 1187 1213 1214 AND
2 1 59 187 1194 AND
2 1 56 184 1199 AND
2 1 1198 1199 1200 AND
2 1 57 185 1201 AND
2 1 58 186 1202 AND
2 1 1201 1202 1203 AND
2 1 1200 1203 1204 AND
2 1 1197 1204 1205 AND
2 1 1194 1205 1206 AND
2 1 1193 1206 1207 AND
2 1 60 188 1208 AND
2 1 1191 1208 1209 AND
2 1 61 189 1210 AND
2 1 1209 1210 1211 AND
2 1 1189 1211 1212 AND
2 1 1207 1212 1458 AND
2 1 1214 1458 1459 AND
2 1 1457 1459 1460 AND
2 1 1186 1460 1461 AND
2 1 64 192 1462 AND
2 1 67 195 1182 AND
2 1 66 194 1183 AND
2 1 1182 1183 1184 AND
2 1 65 193 1185 AND
2 1 1184 1185 1463 AND
2 1 1462 1463 1464 AND
2 1 1461 1464 1465 AND
2 1 67 195 1466 AND
2 1 64 192 1467 AND
2 1 1185 1467 1468 AND
2 1 65 193 1469 AND
2 1 66 194 1470 AND
2 1 1469 1470 1471 AND
2 1 1468 1471 1472 AND
2 1 1184 1472 1473 AND
2 1 1466 1473 1474 AND
2 1 1465 1474 1475 AND
2 1 71 199 1171 AND
2 1 70 198 1172 AND
2 1 1171 1172 1173 AND
2 1 69 197 1174 AND
2 1 68 196 1476 AND
2 1 1174 1476 1477 AND
2 1 1173 1477 1478 AND
2 1 1475 1478 1479 AND
2 1 70 198 1180 AND
2 1 1171 1180 1181 AND
2 1 71 199 1170 AND
2 1 68 196 1175 AND
2 1 1174 1175 1176 AND
2 1 69 197 1177 AND
2 1 1176 1177 1178 AND
2 1 1173 1178 1179 AND
2 1 1170 1179 1480 AND
2 1 1181 1480 1481 AND
2 1 1479 1481 1482 AND
2 1 75 203 1483 AND
2 1 74 202 1484 AND
2 1 1483 1484 1485 AND
2 1 73 201 1486 AND
2 1 72 200 1487 AND
2 1 1486 1487 1488 AND
2 1 1485 1488 1489 AND
2 1 1482 1489 1490 AND
2 1 75 203 1491 AND
2 1 72 200 1492 AND
2 1 1486 1492 1493 AND
2 1 73 201 1494 AND
2 1 74 202 1495 AND
2 1 1494 1495 1496 AND
2 1 1493 1496 1497 AND
2 1 1485 1497 1498 AND
2 1 1491 1498 1499 AND
2 1 1490 1499 1500 AND
2 1 79 207 1159 AND
2 1 78 206 1160 AND
2 1 1159 1160 1161 AND
2 1 77 205 1162 AND
2 1 76 204 1501 AND
2 1 1162 1501 1502 AND
2 1 1161 1502 1503 AND
2 1 1500 1503 1504 AND
2 1 78 206 1168 AND
2 1 1159 1168 1169 AND
2 1 79 207 1158 AND
2 1 76 204 1163 AND
2 1 1162 1163 1164 AND
2 1 77 205 1165 AND
2 1 1164 1165 1166 AND
2 1 1161 1166 1167 AND
2 1 1158 1167 1505 AND
2 1 1169 1505 1506 AND
2 1 1504 1506 1507 AND
2 1 81 209 1157 AND
2 1 80 208 1153 AND
2 1 83 211 1154 AND
2 1 82 210 1155 AND
2 1 1154 1155 1156 AND
2 1 1153 1156 1508 AND
2 1 1157 1508 1509 AND
2 1 1507 1509 1510 AND
2 1 83 211 1511 AND
2 1 80 208 1512 AND
2 1 1157 1512 1513 AND
2 1 81 209 1514 AND
2 1 82 210 1515 AND
2 1 1514 1515 1516 AND
2 1 1513 1516 1517 AND
2 1 1156 1517 1518 AND
2 1 1511 1518 1519 AND
2 1 1510 1519 1520 AND
2 1 87 215 1142 AND
2 1 86 214 1143 AND
2 1 1142 1143 1144 AND
2 1 85 213 1145 AND
2 1 84 212 1521 AND
2 1 1145 1521 1522 AND
2 1 1144 1522 1523 AND
2 1 1520 1523 1524 AND
2 1 86 214 1151 AND
2 1 1142 1151 1152 AND
2 1 87 215 1141 AND
2 1 84 212 1146 AND
2 1 1145 1146 1147 AND
2 1 85 213 1148 AND
2 1 1147 1148 1149 AND
2 1 1144 1149 1150 AND
2 1 1141 1150 1525 AND
2 1 1152 1525 1526 AND
2 1 1524 1526 1527 AND
2 1 91 219 1528 AND
2 1 90 218 1529 AND
2 1 1528 1529 1530 AND
2 1 89 217 1531 AND
2 1 88 216 1532 AND
2 1 1531 1532 1533 AND
2 1 1530 1533 1534 AND
2 1 1527 1534 1535 AND
2 1 91 219 1536 AND
2 1 88 216 1537 AND
2 1 1531 1537 1538 AND
2 1 89 217 1539 AND
2 1 90 218 1540 AND
2 1 1539 1540 1541 AND
2 1 1538 1541 1542 AND
2 1 1530 1542 1543 AND
2 1 1536 1543 1544 AND
2 1 1535 1544 1545 AND
2 1 95 223 1130 AND
2 1 94 222 1131 AND
2 1 1130 1131 1132 AND
2 1 93 221 1133 AND
2 1 92 220 1546 AND
2 1 1133 1546 1547 AND
2 1 1132 1547 1548 AND
2 1 1545 1548 1549 AND
2 1 94 222 1139 AND
2 1 1130 1139 1140 AND
2 1 95 223 1129 AND
2 1 92 220 1134 AND
2 1 1133 1134 1135 AND
2 1 93 221 1136 AND
2 1 1135 1136 1137 AND
2 1 1132 1137 1138 AND
2 1 1129 1138 1550 AND
2 1 1140 1550 1551 AND
2 1 1549 1551 1552 AND
2 1 97 225 1128 AND
2 1 96 224 1124 AND
2 1 99 227 1125 AND
2 1 98 226 1126 AND
2 1 1125 1126 1127 AND
2 1 1124 1127 1553 AND
2 1 1128 1553 1554 AND
2 1 1552 1554 1555 AND
2 1 99 227 1556 AND
2 1 96 224 1557 AND
2 1 1128 1557 1558 AND
2 1 97 225 1559 AND
2 1 98 226 1560 AND
2 1 1559 1560 1561 AND
2 1 1558 1561 1562 AND
2 1 1127 1562 1563 AND
2 1 1556 1563 1564 AND
2 1 1555 1564 1565 AND
2 1 103 231 1113 AND
2 1 102 230 1114 AND
2 1 1113 1114 1115 AND
2 1 101 229 1116 AND
2 1 100 228 1566 AND
2 1 1116 1566 1567 AND
2 1 1115 1567 1568 AND
2 1 1565 1568 1569 AND
2 1 102 230 1122 AND
2 1 1113 1122 1123 AND
2 1 103 231 1112 AND
2 1 100 228 1117 AND
2 1 1116 1117 1118 AND
2 1 101 229 1119 AND
2 1 1118 1119 1120 AND
2 1 1115 1120 1121 AND
2 1 1112 1121 1570 AND
2 1 1123 1570 1571 AND
2 1 1569 1571 1572 AND
2 1 107 235 1573 AND
2 1 106 234 1574 AND
2 1 1573 1574 1575 AND
2 1 105 233 1576 AND
2 1 104 232 1577 AND
2 1 1576 1577 1578 AND
2 1 1575 1578 1579 AND
2 1 1572 1579 1580 AND
2 1 107 235 1581 AND
2 1 104 232 1582 AND
2 1 1576 1582 1583 AND
2 1 105 233 1584 AND
2 1 106 234 1585 AND
2 1 1584 1585 1586 AND
2 1 1583 1586 1587 AND
2 1 1575 1587 1588 AND
2 1 1581 1588 1589 AND
2 1 1580 1589 1590 AND
2 1 111 239 1101 AND
2 1 110 238 1102 AND
2 1 1101 1102 1103 AND
2 1 109 237 1104 AND
2 1 108 236 1591 AND
2 1 1104 1591 1592 AND
2 1 1103 1592 1593 AND
2 1 1590 1593 1594 AND
2 1 110 238 1110 AND
2 1 1101 1110 1111 AND
2 1 111 239 1100 AND
2 1 108 236 1105 AND
2 1 1104 1105 1106 AND
2 1 109 237 1107 AND
2 1 1106 1107 1108 AND
2 1 1103 1108 1109 AND
2 1 1100 1109 1595 AND
2 1 1111 1595 1596 AND
2 1 1594 1596 1597 AND
2 1 113 241 1099 AND
2 1 112 240 1095 AND
2 1 115 243 1096 AND
2 1 114 242 1097 AND
2 1 1096 1097 1098 AND
2 1 1095 1098 1598 AND
2 1 1099 1598 1599 AND
2 1 1597 1599 1600 AND
2 1 115 243 1601 AND
2 1 112 240 1602 AND
2 1 1099 1602 1603 AND
2 1 113 241 1604 AND
2 1 114 242 1605 AND
2 1 1604 1605 1606 AND
2 1 1603 1606 1607 AND
2 1 1098 1607 1608 AND
2 1 1601 1608 1609 AND
2 1 1600 1609 1610 AND
2 1 119 247 1084 AND
2 1 118 246 1085 AND
2 1 1084 1085 1086 AND
2 1 117 245 1087 AND
2 1 116 244 1611 AND
2 1 1087 1611 1612 AND
2 1 1086 1612 1613 AND
2 1 1610 1613 1614 AND
2 1 118 246 1093 AND
2 1 1084 1093 1094 AND
2 1 119 247 1083 AND
2 1 116 244 1088 AND
2 1 1087 1088 1089 AND
2 1 117 245 1090 AND
2 1 1089 1090 1091 AND
2 1 1086 1091 1092 AND
2 1 1083 1092 1615 AND
2 1 1094 1615 1616 AND
2 1 1614 1616 1617 AND
2 1 123 251 1618 AND
2 1 122 250 1619 AND
2 1 1618 1619 1620 AND
2 1 121 249 1621 AND
2 1 120 248 1622 AND
2 1 1621 1622 1623 AND
2 1 1620 1623 1624 AND
2 1 1617 1624 1625 AND
2 1 123 251 1626 AND
2 1 120 248 1627 AND
2 1 1621 1627 1628 AND
2 1 121 249 1629 AND
2 1 122 250 1630 AND
2 1 1629 1630 1631 AND
2 1 1628 1631 1632 AND
2 1 1620 1632 1633 AND
2 1 1626 1633 1634 AND
2 1 1625 1634 1635 AND
2 1 126 254 1638 AND
2 1 125 253 1639 AND
2 1 1638 1639 1640 AND
2 1 124 252 1636 AND
2 1 127 255 1637 AND
2 1 1636 1637 1641 AND
2 1 1640 1641 1642 AND
2 1 1635 1642 1643 AND
2 1 124 252 1644 AND
2 1 125 253 1645 AND
2 1 1644 1645 1646 AND
2 1 1640 1646 1647 AND
2 1 126 254 1648 AND
2 1 1647 1648 1649 AND
2 1 1637 1649 1650 AND
2 1 127 255 1654 AND
2 1 1650 1654 1655 AND
2 1 1643 1655 1656 AND
2 1 191 1656 2028 AND
2 1 63 1656 2029 AND
2 1 2028 2029 2030 AND
2 1 447 1662 2031 AND
2 1 319 1662 2032 AND
2 1 2031 2032 2033 AND
2 1 2030 2033 2034 AND
2 1 175 1656 2105 AND
2 1 47 1656 2106 AND
2 1 2105 2106 2107 AND
2 1 431 1662 2108 AND
2 1 303 1662 2109 AND
2 1 2108 2109 2110 AND
2 1 2107 2110 2111 AND
2 1 416 1662 2182 AND
2 1 288 1662 2183 AND
2 1 2182 2183 2184 AND
2 1 160 1656 2185 AND
2 1 32 1656 2186 AND
2 1 2185 2186 2187 AND
2 1 2184 2187 2188 AND
2 1 158 1656 2195 AND
2 1 30 1656 2196 AND
2 1 2195 2196 2197 AND
2 1 414 1662 2198 AND
2 1 286 1662 2199 AND
2 1 2198 2199 2200 AND
2 1 2197 2200 2201 AND
2 1 157 1656 2202 AND
2 1 29 1656 2203 AND
2 1 2202 2203 2204 AND
2 1 413 1662 2205 AND
2 1 285 1662 2206 AND
2 1 2205 2206 2207 AND
2 1 2204 2207 2495 AND
2 1 2201 2495 2496 AND
2 1 156 1656 2208 AND
2 1 28 1656 2209 AND
2 1 2208 2209 2210 AND
2 1 412 1662 2211 AND
2 1 284 1662 2212 AND
2 1 2211 2212 2213 AND
2 1 2210 2213 2214 AND
2 1 155 1656 2215 AND
2 1 27 1656 2216 AND
2 1 2215 2216 2217 AND
2 1 411 1662 2218 AND
2 1 283 1662 2219 AND
2 1 2218 2219 2220 AND
2 1 2217 2220 2488 AND
2 1 2214 2488 2489 AND
2 1 154 1656 2221 AND
2 1 26 1656 2222 AND
2 1 2221 2222 2223 AND
2 1 410 1662 2224 AND
2 1 282 1662 2225 AND
2 1 2224 2225 2226 AND
2 1 2223 2226 2227 AND
2 1 409 1662 2228 AND
2 1 281 1662 2229 AND
2 1 2228 2229 2230 AND
2 1 153 1656 2478 AND
2 1 25 1656 2479 AND
2 1 2478 2479 2480 AND
2 1 2230 2480 2481 AND
2 1 2227 2481 2482 AND
2 1 408 1662 2231 AND
2 1 280 1662 2232 AND
2 1 2231 2232 2233 AND
2 1 152 1656 2471 AND
2 1 24 1656 2472 AND
2 1 2471 2472 2473 AND
2 1 2233 2473 2474 AND
2 1 151 1656 2234 AND
2 1 23 1656 2235 AND
2 1 2234 2235 2236 AND
2 1 407 1662 2237 AND
2 1 279 1662 2238 AND
2 1 2237 2238 2239 AND
2 1 2236 2239 2240 AND
2 1 150 1656 2241 AND
2 1 22 1656 2242 AND
2 1 2241 2242 2243 AND
2 1 406 1662 2244 AND
2 1 278 1662 2245 AND
2 1 2244 2245 2246 AND
2 1 2243 2246 2464 AND
2 1 2240 2464 2465 AND
2 1 149 1656 2247 AND
2 1 21 1656 2248 AND
2 1 2247 2248 2249 AND
2 1 405 1662 2250 AND
2 1 277 1662 2251 AND
2 1 2250 2251 2252 AND
2 1 2249 2252 2253 AND
2 1 148 1656 2254 AND
2 1 20 1656 2255 AND
2 1 2254 2255 2256 AND
2 1 404 1662 2257 AND
2 1 276 1662 2258 AND
2 1 2257 2258 2259 AND
2 1 2256 2259 2457 AND
2 1 2253 2457 2458 AND
2 1 147 1656 2260 AND
2 1 19 1656 2261 AND
2 1 2260 2261 2262 AND
2 1 403 1662 2263 AND
2 1 275 1662 2264 AND
2 1 2263 2264 2265 AND
2 1 2262 2265 2266 AND
2 1 146 1656 2267 AND
2 1 18 1656 2268 AND
2 1 2267 2268 2269 AND
2 1 402 1662 2270 AND
2 1 274 1662 2271 AND
2 1 2270 2271 2272 AND
2 1 2269 2272 2450 AND
2 1 2266 2450 2451 AND
2 1 401 1662 2273 AND
2 1 273 1662 2274 AND
2 1 2273 2274 2275 AND
2 1 145 1656 2443 AND
2 1 17 1656 2444 AND
2 1 2443 2444 2445 AND
2 1 2275 2445 2446 AND
2 1 400 1662 2276 AND
2 1 272 1662 2277 AND
2 1 2276 2277 2278 AND
2 1 144 1656 2436 AND
2 1 16 1656 2437 AND
2 1 2436 2437 2438 AND
2 1 2278 2438 2439 AND
2 1 143 1656 2279 AND
2 1 15 1656 2280 AND
2 1 2279 2280 2281 AND
2 1 399 1662 2282 AND
2 1 271 1662 2283 AND
2 1 2282 2283 2284 AND
2 1 2281 2284 2285 AND
2 1 142 1656 2286 AND
2 1 14 1656 2287 AND
2 1 2286 2287 2288 AND
2 1 398 1662 2289 AND
2 1 270 1662 2290 AND
2 1 2289 2290 2291 AND
2 1 2288 2291 2429 AND
2 1 2285 2429 2430 AND
2 1 141 1656 2292 AND
2 1 13 1656 2293 AND
2 1 2292 2293 2294 AND
2 1 397 1662 2295 AND
2 1 269 1662 2296 AND
2 1 2295 2296 2297 AND
2 1 2294 2297 2298 AND
2 1 140 1656 2299 AND
2 1 12 1656 2300 AND
2 1 2299 2300 2301 AND
2 1 396 1662 2302 AND
2 1 268 1662 2303 AND
2 1 2302 2303 2304 AND
2 1 2301 2304 2422 AND
2 1 2298 2422 2423 AND
2 1 139 1656 2305 AND
2 1 11 1656 2306 AND
2 1 2305 2306 2307 AND
2 1 395 1662 2308 AND
2 1 267 1662 2309 AND
2 1 2308 2309 2310 AND
2 1 2307 2310 2311 AND
2 1 138 1656 2312 AND
2 1 10 1656 2313 AND
2 1 2312 2313 2314 AND
2 1 394 1662 2315 AND
2 1 266 1662 2316 AND
2 1 2315 2316 2317 AND
2 1 2314 2317 2415 AND
2 1 2311 2415 2416 AND
2 1 393 1662 2318 AND
2 1 265 1662 2319 AND
2 1 2318 2319 2320 AND
2 1 137 1656 2408 AND
2 1 9 1656 2409 AND
2 1 2408 2409 2410 AND
2 1 2320 2410 2411 AND
2 1 392 1662 2321 AND
2 1 264 1662 2322 AND
2 1 2321 2322 2323 AND
2 1 136 1656 2401 AND
2 1 8 1656 2402 AND
2 1 2401 2402 2403 AND
2 1 2323 2403 2404 AND
2 1 135 1656 2324 AND
2 1 7 1656 2325 AND
2 1 2324 2325 2326 AND
2 1 391 1662 2327 AND
2 1 263 1662 2328 AND
2 1 2327 2328 2329 AND
2 1 2326 2329 2330 AND
2 1 390 1662 2331 AND
2 1 262 1662 2332 AND
2 1 2331 2332 2333 AND
2 1 134 1656 2334 AND
2 1 6 1656 2335 AND
2 1 2334 2335 2336 AND
2 1 2333 2336 2394 AND
2 1 2330 2394 2395 AND
2 1 389 1662 2337 AND
2 1 261 1662 2338 AND
2 1 2337 2338 2339 AND
2 1 133 1656 2340 AND
2 1 5 1656 2341 AND
2 1 2340 2341 2342 AND
2 1 2339 2342 2390 AND
2 1 388 1662 2343 AND
2 1 260 1662 2344 AND
2 1 2343 2344 2345 AND
2 1 132 1656 2346 AND
2 1 4 1656 2347 AND
2 1 2346 2347 2348 AND
2 1 2345 2348 2386 AND
2 1 131 1656 2349 AND
2 1 3 1656 2350 AND
2 1 2349 2350 2351 AND
2 1 387 1662 2352 AND
2 1 259 1662 2353 AND
2 1 2352 2353 2354 AND
2 1 2351 2354 2355 AND
2 1 130 1656 2369 AND
2 1 2 1656 2370 AND
2 1 2369 2370 2371 AND
2 1 386 1662 2372 AND
2 1 258 1662 2373 AND
2 1 2372 2373 2374 AND
2 1 2371 2374 2375 AND
2 1 385 1662 2356 AND
2 1 257 1662 2357 AND
2 1 2356 2357 2358 AND
2 1 129 1656 2366 AND
2 1 1 1656 2367 AND
2 1 2366 2367 2368 AND
2 1 2358 2368 2376 AND
2 1 2375 2376 2377 AND
2 1 128 1656 2359 AND
2 1 0 1656 2360 AND
2 1 2359 2360 2361 AND
2 1 2361 2364 2365 AND
2 1 2358 2368 2378 AND
2 1 2365 2378 2379 AND
2 1 2377 2379 2380 AND
2 1 2371 2374 2381 AND
2 1 2380 2381 2382 AND
2 1 2355 2382 2383 AND
2 1 2351 2354 2384 AND
2 1 2383 2384 2385 AND
2 1 2345 2348 2387 AND
2 1 2385 2387 2388 AND
2 1 2386 2388 2389 AND
2 1 2339 2342 2391 AND
2 1 2389 2391 2392 AND
2 1 2390 2392 2393 AND
2 1 2333 2336 2396 AND
2 1 2393 2396 2397 AND
2 1 2395 2397 2398 AND
2 1 2326 2329 2399 AND
2 1 2398 2399 2400 AND
2 1 2323 2403 2405 AND
2 1 2400 2405 2406 AND
2 1 2404 2406 2407 AND
2 1 2320 2410 2412 AND
2 1 2407 2412 2413 AND
2 1 2411 2413 2414 AND
2 1 2314 2317 2417 AND
2 1 2414 2417 2418 AND
2 1 2416 2418 2419 AND
2 1 2307 2310 2420 AND
2 1 2419 2420 2421 AND
2 1 2301 2304 2424 AND
2 1 2421 2424 2425 AND
2 1 2423 2425 2426 AND
2 1 2294 2297 2427 AND
2 1 2426 2427 2428 AND
2 1 2288 2291 2431 AND
2 1 2428 2431 2432 AND
2 1 2430 2432 2433 AND
2 1 2281 2284 2434 AND
2 1 2433 2434 2435 AND
2 1 2278 2438 2440 AND
2 1 2435 2440 2441 AND
2 1 2439 2441 2442 AND
2 1 2275 2445 2447 AND
2 1 2442 2447 2448 AND
2 1 2446 2448 2449 AND
2 1 2269 2272 2452 AND
2 1 2449 2452 2453 AND
2 1 2451 2453 2454 AND
2 1 2262 2265 2455 AND
2 1 2454 2455 2456 AND
2 1 2256 2259 2459 AND
2 1 2456 2459 2460 AND
2 1 2458 2460 2461 AND
2 1 2249 2252 2462 AND
2 1 2461 2462 2463 AND
2 1 2243 2246 2466 AND
2 1 2463 2466 2467 AND
2 1 2465 2467 2468 AND
2 1 2236 2239 2469 AND
2 1 2468 2469 2470 AND
2 1 2233 2473 2475 AND
2 1 2470 2475 2476 AND
2 1 2474 2476 2477 AND
2 1 2230 2480 2483 AND
2 1 2477 2483 2484 AND
2 1 2482 2484 2485 AND
2 1 2223 2226 2486 AND
2 1 2485 2486 2487 AND
2 1 2217 2220 2490 AND
2 1 2487 2490 2491 AND
2 1 2489 2491 2492 AND
2 1 2210 2213 2493 AND
2 1 2492 2493 2494 AND
2 1 2204 2207 2497 AND
2 1 2494 2497 2498 AND
2 1 2496 2498 2499 AND
2 1 2197 2200 2500 AND
2 1 2499 2500 2501 AND
2 1 159 1656 2189 AND
2 1 31 1656 2190 AND
2 1 2189 2190 2191 AND
2 1 415 1662 2192 AND
2 1 287 1662 2193 AND
2 1 2192 2193 2194 AND
2 1 2191 2194 2557 AND
2 1 2501 2557 2558 AND
2 1 167 1656 2502 AND
2 1 39 1656 2503 AND
2 1 2502 2503 2504 AND
2 1 423 1662 2505 AND
2 1 295 1662 2506 AND
2 1 2505 2506 2507 AND
2 1 2504 2507 2508 AND
2 1 422 1662 2509 AND
2 1 294 1662 2510 AND
2 1 2509 2510 2511 AND
2 1 166 1656 2512 AND
2 1 38 1656 2513 AND
2 1 2512 2513 2514 AND
2 1 2511 2514 2515 AND
2 1 2508 2515 2516 AND
2 1 164 1656 2517 AND
2 1 36 1656 2518 AND
2 1 2517 2518 2519 AND
2 1 420 1662 2520 AND
2 1 292 1662 2521 AND
2 1 2520 2521 2522 AND
2 1 2519 2522 2523 AND
2 1 165 1656 2524 AND
2 1 37 1656 2525 AND
2 1 2524 2525 2526 AND
2 1 421 1662 2527 AND
2 1 293 1662 2528 AND
2 1 2527 2528 2529 AND
2 1 2526 2529 2530 AND
2 1 2523 2530 2531 AND
2 1 2516 2531 2532 AND
2 1 161 1656 2533 AND
2 1 33 1656 2534 AND
2 1 2533 2534 2535 AND
2 1 417 1662 2536 AND
2 1 289 1662 2537 AND
2 1 2536 2537 2538 AND
2 1 2535 2538 2539 AND
2 1 163 1656 2540 AND
2 1 35 1656 2541 AND
2 1 2540 2541 2542 AND
2 1 419 1662 2543 AND
2 1 291 1662 2544 AND
2 1 2543 2544 2545 AND
2 1 2542 2545 2546 AND
2 1 418 1662 2547 AND
2 1 290 1662 2548 AND
2 1 2547 2548 2549 AND
2 1 162 1656 2550 AND
2 1 34 1656 2551 AND
2 1 2550 2551 2552 AND
2 1 2549 2552 2553 AND
2 1 2546 2553 2554 AND
2 1 2539 2554 2555 AND
2 1 2532 2555 2556 AND
2 1 2191 2194 2559 AND
2 1 2556 2559 2560 AND
2 1 2558 2560 2561 AND
2 1 2188 2561 2562 AND
2 1 2184 2187 2574 AND
2 1 2535 2538 2575 AND
2 1 2574 2575 2576 AND
2 1 2555 2576 2577 AND
2 1 2542 2545 2571 AND
2 1 2549 2552 2572 AND
2 1 2546 2572 2573 AND
2 1 2571 2573 2578 AND
2 1 2577 2578 2579 AND
2 1 2532 2579 2580 AND
2 1 2511 2514 2569 AND
2 1 2508 2569 2570 AND
2 1 2504 2507 2563 AND
2 1 2519 2522 2564 AND
2 1 2530 2564 2565 AND
2 1 2526 2529 2566 AND
2 1 2565 2566 2567 AND
2 1 2516 2567 2568 AND
2 1 2563 2568 2581 AND
2 1 2570 2581 2582 AND
2 1 2580 2582 2583 AND
2 1 2562 2583 2584 AND
2 1 2107 2110 2112 AND
2 1 430 1662 2113 AND
2 1 302 1662 2114 AND
2 1 2113 2114 2115 AND
2 1 174 1656 2116 AND
2 1 46 1656 2117 AND
2 1 2116 2117 2118 AND
2 1 2115 2118 2119 AND
2 1 2112 2119 2120 AND
2 1 172 1656 2121 AND
2 1 44 1656 2122 AND
2 1 2121 2122 2123 AND
2 1 428 1662 2124 AND
2 1 300 1662 2125 AND
2 1 2124 2125 2126 AND
2 1 2123 2126 2127 AND
2 1 173 1656 2128 AND
2 1 45 1656 2129 AND
2 1 2128 2129 2130 AND
2 1 429 1662 2131 AND
2 1 301 1662 2132 AND
2 1 2131 2132 2133 AND
2 1 2130 2133 2134 AND
2 1 2127 2134 2135 AND
2 1 2120 2135 2136 AND
2 1 171 1656 2137 AND
2 1 43 1656 2138 AND
2 1 2137 2138 2139 AND
2 1 427 1662 2140 AND
2 1 299 1662 2141 AND
2 1 2140 2141 2142 AND
2 1 2139 2142 2144 AND
2 1 170 1656 2145 AND
2 1 42 1656 2146 AND
2 1 2145 2146 2147 AND
2 1 426 1662 2148 AND
2 1 298 1662 2149 AND
2 1 2148 2149 2150 AND
2 1 2147 2150 2151 AND
2 1 2144 2151 2152 AND
2 1 169 1656 2153 AND
2 1 41 1656 2154 AND
2 1 2153 2154 2155 AND
2 1 425 1662 2156 AND
2 1 297 1662 2157 AND
2 1 2156 2157 2158 AND
2 1 2155 2158 2159 AND
2 1 168 1656 2160 AND
2 1 40 1656 2161 AND
2 1 2160 2161 2162 AND
2 1 424 1662 2163 AND
2 1 296 1662 2164 AND
2 1 2163 2164 2165 AND
2 1 2162 2165 2585 AND
2 1 2159 2585 2586 AND
2 1 2152 2586 2587 AND
2 1 2136 2587 2588 AND
2 1 2584 2588 2589 AND
2 1 2115 2118 2180 AND
2 1 2112 2180 2181 AND
2 1 2139 2142 2143 AND
2 1 2162 2165 2166 AND
2 1 2159 2166 2167 AND
2 1 2155 2158 2168 AND
2 1 2147 2150 2169 AND
2 1 2168 2169 2170 AND
2 1 2167 2170 2171 AND
2 1 2152 2171 2172 AND
2 1 2143 2172 2173 AND
2 1 2136 2173 2174 AND
2 1 2123 2126 2175 AND
2 1 2134 2175 2176 AND
2 1 2130 2133 2177 AND
2 1 2176 2177 2178 AND
2 1 2120 2178 2179 AND
2 1 2174 2179 2590 AND
2 1 2181 2590 2591 AND
2 1 2589 2591 2592 AND
2 1 2111 2592 2593 AND
2 1 432 1662 2594 AND
2 1 304 1662 2595 AND
2 1 2594 2595 2596 AND
2 1 176 1656 2597 AND
2 1 48 1656 2598 AND
2 1 2597 2598 2599 AND
2 1 2596 2599 2600 AND
2 1 183 1656 2601 AND
2 1 55 1656 2602 AND
2 1 2601 2602 2603 AND
2 1 439 1662 2604 AND
2 1 311 1662 2605 AND
2 1 2604 2605 2606 AND
2 1 2603 2606 2607 AND
2 1 438 1662 2608 AND
2 1 310 1662 2609 AND
2 1 2608 2609 2610 AND
2 1 182 1656 2611 AND
2 1 54 1656 2612 AND
2 1 2611 2612 2613 AND
2 1 2610 2613 2614 AND
2 1 2607 2614 2615 AND
2 1 181 1656 2616 AND
2 1 53 1656 2617 AND
2 1 2616 2617 2618 AND
2 1 437 1662 2619 AND
2 1 309 1662 2620 AND
2 1 2619 2620 2621 AND
2 1 2618 2621 2622 AND
2 1 436 1662 2623 AND
2 1 308 1662 2624 AND
2 1 2623 2624 2625 AND
2 1 180 1656 2626 AND
2 1 52 1656 2627 AND
2 1 2626 2627 2628 AND
2 1 2625 2628 2629 AND
2 1 2622 2629 2630 AND
2 1 2615 2630 2631 AND
2 1 177 1656 2632 AND
2 1 49 1656 2633 AND
2 1 2632 2633 2634 AND
2 1 433 1662 2635 AND
2 1 305 1662 2636 AND
2 1 2635 2636 2637 AND
2 1 2634 2637 2638 AND
2 1 179 1656 2639 AND
2 1 51 1656 2640 AND
2 1 2639 2640 2641 AND
2 1 435 1662 2642 AND
2 1 307 1662 2643 AND
2 1 2642 2643 2644 AND
2 1 2641 2644 2645 AND
2 1 434 1662 2646 AND
2 1 306 1662 2647 AND
2 1 2646 2647 2648 AND
2 1 178 1656 2649 AND
2 1 50 1656 2650 AND
2 1 2649 2650 2651 AND
2 1 2648 2651 2652 AND
2 1 2645 2652 2653 AND
2 1 2638 2653 2654 AND
2 1 2631 2654 2655 AND
2 1 2600 2655 2656 AND
2 1 2593 2656 2657 AND
2 1 2596 2599 2662 AND
2 1 2634 2637 2663 AND
2 1 2662 2663 2664 AND
2 1 2654 2664 2665 AND
2 1 2641 2644 2659 AND
2 1 2648 2651 2660 AND
2 1 2645 2660 2661 AND
2 1 2659 2661 2666 AND
2 1 2665 2666 2667 AND
2 1 2631 2667 2668 AND
2 1 2603 2606 2658 AND
2 1 2625 2628 2669 AND
2 1 2622 2669 2670 AND
2 1 2618 2621 2671 AND
2 1 2610 2613 2672 AND
2 1 2671 2672 2673 AND
2 1 2670 2673 2674 AND
2 1 2615 2674 2675 AND
2 1 2658 2675 2676 AND
2 1 2668 2676 2677 AND
2 1 2657 2677 2678 AND
2 1 2030 2033 2035 AND
2 1 446 1662 2036 AND
2 1 318 1662 2037 AND
2 1 2036 2037 2038 AND
2 1 190 1656 2039 AND
2 1 62 1656 2040 AND
2 1 2039 2040 2041 AND
2 1 2038 2041 2042 AND
2 1 2035 2042 2043 AND
2 1 188 1656 2044 AND
2 1 60 1656 2045 AND
2 1 2044 2045 2046 AND
2 1 444 1662 2047 AND
2 1 316 1662 2048 AND
2 1 2047 2048 2049 AND
2 1 2046 2049 2050 AND
2 1 189 1656 2051 AND
2 1 61 1656 2052 AND
2 1 2051 2052 2053 AND
2 1 445 1662 2054 AND
2 1 317 1662 2055 AND
2 1 2054 2055 2056 AND
2 1 2053 2056 2057 AND
2 1 2050 2057 2058 AND
2 1 2043 2058 2059 AND
2 1 187 1656 2060 AND
2 1 59 1656 2061 AND
2 1 2060 2061 2062 AND
2 1 443 1662 2063 AND
2 1 315 1662 2064 AND
2 1 2063 2064 2065 AND
2 1 2062 2065 2067 AND
2 1 186 1656 2068 AND
2 1 58 1656 2069 AND
2 1 2068 2069 2070 AND
2 1 442 1662 2071 AND
2 1 314 1662 2072 AND
2 1 2071 2072 2073 AND
2 1 2070 2073 2074 AND
2 1 2067 2074 2075 AND
2 1 185 1656 2076 AND
2 1 57 1656 2077 AND
2 1 2076 2077 2078 AND
2 1 441 1662 2079 AND
2 1 313 1662 2080 AND
2 1 2079 2080 2081 AND
2 1 2078 2081 2082 AND
2 1 184 1656 2083 AND
2 1 56 1656 2084 AND
2 1 2083 2084 2085 AND
2 1 440 1662 2086 AND
2 1 312 1662 2087 AND
2 1 2086 2087 2088 AND
2 1 2085 2088 2679 AND
2 1 2082 2679 2680 AND
2 1 2075 2680 2681 AND
2 1 2059 2681 2682 AND
2 1 2678 2682 2683 AND
2 1 2038 2041 2103 AND
2 1 2035 2103 2104 AND
2 1 2062 2065 2066 AND
2 1 2085 2088 2089 AND
2 1 2082 2089 2090 AND
2 1 2078 2081 2091 AND
2 1 2070 2073 2092 AND
2 1 2091 2092 2093 AND
2 1 2090 2093 2094 AND
2 1 2075 2094 2095 AND
2 1 2066 2095 2096 AND
2 1 2059 2096 2097 AND
2 1 2046 2049 2098 AND
2 1 2057 2098 2099 AND
2 1 2053 2056 2100 AND
2 1 2099 2100 2101 AND
2 1 2043 2101 2102 AND
2 1 2097 2102 2684 AND
2 1 2104 2684 2685 AND
2 1 2683 2685 2686 AND
2 1 2034 2686 2687 AND
2 1 193 1656 2021 AND
2 1 65 1656 2022 AND
2 1 2021 2022 2023 AND
2 1 449 1662 2024 AND
2 1 321 1662 2025 AND
2 1 2024 2025 2026 AND
2 1 2023 2026 2027 AND
2 1 195 1656 1999 AND
2 1 67 1656 2000 AND
2 1 1999 2000 2001 AND
2 1 451 1662 2002 AND
2 1 323 1662 2003 AND
2 1 2002 2003 2004 AND
2 1 2001 2004 2005 AND
2 1 450 1662 2006 AND
2 1 322 1662 2007 AND
2 1 2006 2007 2008 AND
2 1 194 1656 2009 AND
2 1 66 1656 2010 AND
2 1 2009 2010 2011 AND
2 1 2008 2011 2012 AND
2 1 2005 2012 2013 AND
2 1 448 1662 2014 AND
2 1 320 1662 2015 AND
2 1 2014 2015 2016 AND
2 1 192 1656 2017 AND
2 1 64 1656 2018 AND
2 1 2017 2018 2019 AND
2 1 2016 2019 2020 AND
2 1 2013 2020 2688 AND
2 1 2027 2688 2689 AND
2 1 2687 2689 2690 AND
2 1 2001 2004 2691 AND
2 1 2016 2019 2692 AND
2 1 2027 2692 2693 AND
2 1 2023 2026 2694 AND
2 1 2008 2011 2695 AND
2 1 2694 2695 2696 AND
2 1 2693 2696 2697 AND
2 1 2013 2697 2698 AND
2 1 2691 2698 2699 AND
2 1 2690 2699 2700 AND
2 1 199 1656 1963 AND
2 1 71 1656 1964 AND
2 1 1963 1964 1965 AND
2 1 455 1662 1966 AND
2 1 327 1662 1967 AND
2 1 1966 1967 1968 AND
2 1 1965 1968 1970 AND
2 1 454 1662 1971 AND
2 1 326 1662 1972 AND
2 1 1971 1972 1973 AND
2 1 198 1656 1974 AND
2 1 70 1656 1975 AND
2 1 1974 1975 1976 AND
2 1 1973 1976 1977 AND
2 1 1970 1977 1978 AND
2 1 197 1656 1979 AND
2 1 69 1656 1980 AND
2 1 1979 1980 1981 AND
2 1 453 1662 1982 AND
2 1 325 1662 1983 AND
2 1 1982 1983 1984 AND
2 1 1981 1984 1985 AND
2 1 196 1656 1986 AND
2 1 68 1656 1987 AND
2 1 1986 1987 1988 AND
2 1 452 1662 1989 AND
2 1 324 1662 1990 AND
2 1 1989 1990 1991 AND
2 1 1988 1991 2701 AND
2 1 1985 2701 2702 AND
2 1 1978 2702 2703 AND
2 1 2700 2703 2704 AND
2 1 1973 1976 1997 AND
2 1 1970 1997 1998 AND
2 1 1965 1968 1969 AND
2 1 1988 1991 1992 AND
2 1 1985 1992 1993 AND
2 1 1981 1984 1994 AND
2 1 1993 1994 1995 AND
2 1 1978 1995 1996 AND
2 1 1969 1996 2705 AND
2 1 1998 2705 2706 AND
2 1 2704 2706 2707 AND
2 1 203 1656 2708 AND
2 1 75 1656 2709 AND
2 1 2708 2709 2710 AND
2 1 459 1662 2711 AND
2 1 331 1662 2712 AND
2 1 2711 2712 2713 AND
2 1 2710 2713 2714 AND
2 1 458 1662 2715 AND
2 1 330 1662 2716 AND
2 1 2715 2716 2717 AND
2 1 202 1656 2718 AND
2 1 74 1656 2719 AND
2 1 2718 2719 2720 AND
2 1 2717 2720 2721 AND
2 1 2714 2721 2722 AND
2 1 201 1656 2723 AND
2 1 73 1656 2724 AND
2 1 2723 2724 2725 AND
2 1 457 1662 2726 AND
2 1 329 1662 2727 AND
2 1 2726 2727 2728 AND
2 1 2725 2728 2729 AND
2 1 456 1662 2730 AND
2 1 328 1662 2731 AND
2 1 2730 2731 2732 AND
2 1 200 1656 2733 AND
2 1 72 1656 2734 AND
2 1 2733 2734 2735 AND
2 1 2732 2735 2736 AND
2 1 2729 2736 2737 AND
2 1 2722 2737 2738 AND
2 1 2707 2738 2739 AND
2 1 2710 2713 2740 AND
2 1 2732 2735 2741 AND
2 1 2729 2741 2742 AND
2 1 2725 2728 2743 AND
2 1 2717 2720 2744 AND
2 1 2743 2744 2745 AND
2 1 2742 2745 2746 AND
2 1 2722 2746 2747 AND
2 1 2740 2747 2748 AND
2 1 2739 2748 2749 AND
2 1 207 1656 1927 AND
2 1 79 1656 1928 AND
2 1 1927 1928 1929 AND
2 1 463 1662 1930 AND
2 1 335 1662 1931 AND
2 1 1930 1931 1932 AND
2 1 1929 1932 1934 AND
2 1 462 1662 1935 AND
2 1 334 1662 1936 AND
2 1 1935 1936 1937 AND
2 1 206 1656 1938 AND
2 1 78 1656 1939 AND
2 1 1938 1939 1940 AND
2 1 1937 1940 1941 AND
2 1 1934 1941 1942 AND
2 1 205 1656 1943 AND
2 1 77 1656 1944 AND
2 1 1943 1944 1945 AND
2 1 461 1662 1946 AND
2 1 333 1662 1947 AND
2 1 1946 1947 1948 AND
2 1 1945 1948 1949 AND
2 1 204 1656 1950 AND
2 1 76 1656 1951 AND
2 1 1950 1951 1952 AND
2 1 460 1662 1953 AND
2 1 332 1662 1954 AND
2 1 1953 1954 1955 AND
2 1 1952 1955 2750 AND
2 1 1949 2750 2751 AND
2 1 1942 2751 2752 AND
2 1 2749 2752 2753 AND
2 1 1937 1940 1961 AND
2 1 1934 1961 1962 AND
2 1 1929 1932 1933 AND
2 1 1952 1955 1956 AND
2 1 1949 1956 1957 AND
2 1 1945 1948 1958 AND
2 1 1957 1958 1959 AND
2 1 1942 1959 1960 AND
2 1 1933 1960 2754 AND
2 1 1962 2754 2755 AND
2 1 2753 2755 2756 AND
2 1 209 1656 1920 AND
2 1 81 1656 1921 AND
2 1 1920 1921 1922 AND
2 1 465 1662 1923 AND
2 1 337 1662 1924 AND
2 1 1923 1924 1925 AND
2 1 1922 1925 1926 AND
2 1 464 1662 1898 AND
2 1 336 1662 1899 AND
2 1 1898 1899 1900 AND
2 1 208 1656 1901 AND
2 1 80 1656 1902 AND
2 1 1901 1902 1903 AND
2 1 1900 1903 1904 AND
2 1 211 1656 1905 AND
2 1 83 1656 1906 AND
2 1 1905 1906 1907 AND
2 1 467 1662 1908 AND
2 1 339 1662 1909 AND
2 1 1908 1909 1910 AND
2 1 1907 1910 1911 AND
2 1 466 1662 1912 AND
2 1 338 1662 1913 AND
2 1 1912 1913 1914 AND
2 1 210 1656 1915 AND
2 1 82 1656 1916 AND
2 1 1915 1916 1917 AND
2 1 1914 1917 1918 AND
2 1 1911 1918 1919 AND
2 1 1904 1919 2757 AND
2 1 1926 2757 2758 AND
2 1 2756 2758 2759 AND
2 1 1907 1910 2760 AND
2 1 1900 1903 2761 AND
2 1 1926 2761 2762 AND
2 1 1922 1925 2763 AND
2 1 1914 1917 2764 AND
2 1 2763 2764 2765 AND
2 1 2762 2765 2766 AND
2 1 1919 2766 2767 AND
2 1 2760 2767 2768 AND
2 1 2759 2768 2769 AND
2 1 215 1656 1862 AND
2 1 87 1656 1863 AND
2 1 1862 1863 1864 AND
2 1 471 1662 1865 AND
2 1 343 1662 1866 AND
2 1 1865 1866 1867 AND
2 1 1864 1867 1869 AND
2 1 470 1662 1870 AND
2 1 342 1662 1871 AND
2 1 1870 1871 1872 AND
2 1 214 1656 1873 AND
2 1 86 1656 1874 AND
2 1 1873 1874 1875 AND
2 1 1872 1875 1876 AND
2 1 1869 1876 1877 AND
2 1 213 1656 1878 AND
2 1 85 1656 1879 AND
2 1 1878 1879 1880 AND
2 1 469 1662 1881 AND
2 1 341 1662 1882 AND
2 1 1881 1882 1883 AND
2 1 1880 1883 1884 AND
2 1 212 1656 1885 AND
2 1 84 1656 1886 AND
2 1 1885 1886 1887 AND
2 1 468 1662 1888 AND
2 1 340 1662 1889 AND
2 1 1888 1889 1890 AND
2 1 1887 1890 2770 AND
2 1 1884 2770 2771 AND
2 1 1877 2771 2772 AND
2 1 2769 2772 2773 AND
2 1 1872 1875 1896 AND
2 1 1869 1896 1897 AND
2 1 1864 1867 1868 AND
2 1 1887 1890 1891 AND
2 1 1884 1891 1892 AND
2 1 1880 1883 1893 AND
2 1 1892 1893 1894 AND
2 1 1877 1894 1895 AND
2 1 1868 1895 2774 AND
2 1 1897 2774 2775 AND
2 1 2773 2775 2776 AND
2 1 219 1656 2777 AND
2 1 91 1656 2778 AND
2 1 2777 2778 2779 AND
2 1 475 1662 2780 AND
2 1 347 1662 2781 AND
2 1 2780 2781 2782 AND
2 1 2779 2782 2783 AND
2 1 474 1662 2784 AND
2 1 346 1662 2785 AND
2 1 2784 2785 2786 AND
2 1 218 1656 2787 AND
2 1 90 1656 2788 AND
2 1 2787 2788 2789 AND
2 1 2786 2789 2790 AND
2 1 2783 2790 2791 AND
2 1 217 1656 2792 AND
2 1 89 1656 2793 AND
2 1 2792 2793 2794 AND
2 1 473 1662 2795 AND
2 1 345 1662 2796 AND
2 1 2795 2796 2797 AND
2 1 2794 2797 2798 AND
2 1 472 1662 2799 AND
2 1 344 1662 2800 AND
2 1 2799 2800 2801 AND
2 1 216 1656 2802 AND
2 1 88 1656 2803 AND
2 1 2802 2803 2804 AND
2 1 2801 2804 2805 AND
2 1 2798 2805 2806 AND
2 1 2791 2806 2807 AND
2 1 2776 2807 2808 AND
2 1 2779 2782 2809 AND
2 1 2801 2804 2810 AND
2 1 2798 2810 2811 AND
2 1 2794 2797 2812 AND
2 1 2786 2789 2813 AND
2 1 2812 2813 2814 AND
2 1 2811 2814 2815 AND
2 1 2791 2815 2816 AND
2 1 2809 2816 2817 AND
2 1 2808 2817 2818 AND
2 1 223 1656 1826 AND
2 1 95 1656 1827 AND
2 1 1826 1827 1828 AND
2 1 479 1662 1829 AND
2 1 351 1662 1830 AND
2 1 1829 1830 1831 AND
2 1 1828 1831 1833 AND
2 1 478 1662 1834 AND
2 1 350 1662 1835 AND
2 1 1834 1835 1836 AND
2 1 222 1656 1837 AND
2 1 94 1656 1838 AND
2 1 1837 1838 1839 AND
2 1 1836 1839 1840 AND
2 1 1833 1840 1841 AND
2 1 221 1656 1842 AND
2 1 93 1656 1843 AND
2 1 1842 1843 1844 AND
2 1 477 1662 1845 AND
2 1 349 1662 1846 AND
2 1 1845 1846 1847 AND
2 1 1844 1847 1848 AND
2 1 220 1656 1849 AND
2 1 92 1656 1850 AND
2 1 1849 1850 1851 AND
2 1 476 1662 1852 AND
2 1 348 1662 1853 AND
2 1 1852 1853 1854 AND
2 1 1851 1854 2819 AND
2 1 1848 2819 2820 AND
2 1 1841 2820 2821 AND
2 1 2818 2821 2822 AND
2 1 1836 1839 1860 AND
2 1 1833 1860 1861 AND
2 1 1828 1831 1832 AND
2 1 1851 1854 1855 AND
2 1 1848 1855 1856 AND
2 1 1844 1847 1857 AND
2 1 1856 1857 1858 AND
2 1 1841 1858 1859 AND
2 1 1832 1859 2823 AND
2 1 1861 2823 2824 AND
2 1 2822 2824 2825 AND
2 1 225 1656 1819 AND
2 1 97 1656 1820 AND
2 1 1819 1820 1821 AND
2 1 481 1662 1822 AND
2 1 353 1662 1823 AND
2 1 1822 1823 1824 AND
2 1 1821 1824 1825 AND
2 1 480 1662 1797 AND
2 1 352 1662 1798 AND
2 1 1797 1798 1799 AND
2 1 224 1656 1800 AND
2 1 96 1656 1801 AND
2 1 1800 1801 1802 AND
2 1 1799 1802 1803 AND
2 1 227 1656 1804 AND
2 1 99 1656 1805 AND
2 1 1804 1805 1806 AND
2 1 483 1662 1807 AND
2 1 355 1662 1808 AND
2 1 1807 1808 1809 AND
2 1 1806 1809 1810 AND
2 1 482 1662 1811 AND
2 1 354 1662 1812 AND
2 1 1811 1812 1813 AND
2 1 226 1656 1814 AND
2 1 98 1656 1815 AND
2 1 1814 1815 1816 AND
2 1 1813 1816 1817 AND
2 1 1810 1817 1818 AND
2 1 1803 1818 2826 AND
2 1 1825 2826 2827 AND
2 1 2825 2827 2828 AND
2 1 1806 1809 2829 AND
2 1 1799 1802 2830 AND
2 1 1825 2830 2831 AND
2 1 1821 1824 2832 AND
2 1 1813 1816 2833 AND
2 1 2832 2833 2834 AND
2 1 2831 2834 2835 AND
2 1 1818 2835 2836 AND
2 1 2829 2836 2837 AND
2 1 2828 2837 2838 AND
2 1 231 1656 1761 AND
2 1 103 1656 1762 AND
2 1 1761 1762 1763 AND
2 1 487 1662 1764 AND
2 1 359 1662 1765 AND
2 1 1764 1765 1766 AND
2 1 1763 1766 1768 AND
2 1 486 1662 1769 AND
2 1 358 1662 1770 AND
2 1 1769 1770 1771 AND
2 1 230 1656 1772 AND
2 1 102 1656 1773 AND
2 1 1772 1773 1774 AND
2 1 1771 1774 1775 AND
2 1 1768 1775 1776 AND
2 1 229 1656 1777 AND
2 1 101 1656 1778 AND
2 1 1777 1778 1779 AND
2 1 485 1662 1780 AND
2 1 357 1662 1781 AND
2 1 1780 1781 1782 AND
2 1 1779 1782 1783 AND
2 1 228 1656 1784 AND
2 1 100 1656 1785 AND
2 1 1784 1785 1786 AND
2 1 484 1662 1787 AND
2 1 356 1662 1788 AND
2 1 1787 1788 1789 AND
2 1 1786 1789 2839 AND
2 1 1783 2839 2840 AND
2 1 1776 2840 2841 AND
2 1 2838 2841 2842 AND
2 1 1771 1774 1795 AND
2 1 1768 1795 1796 AND
2 1 1763 1766 1767 AND
2 1 1786 1789 1790 AND
2 1 1783 1790 1791 AND
2 1 1779 1782 1792 AND
2 1 1791 1792 1793 AND
2 1 1776 1793 1794 AND
2 1 1767 1794 2843 AND
2 1 1796 2843 2844 AND
2 1 2842 2844 2845 AND
2 1 235 1656 2846 AND
2 1 107 1656 2847 AND
2 1 2846 2847 2848 AND
2 1 491 1662 2849 AND
2 1 363 1662 2850 AND
2 1 2849 2850 2851 AND
2 1 2848 2851 2852 AND
2 1 490 1662 2853 AND
2 1 362 1662 2854 AND
2 1 2853 2854 2855 AND
2 1 234 1656 2856 AND
2 1 106 1656 2857 AND
2 1 2856 2857 2858 AND
2 1 2855 2858 2859 AND
2 1 2852 2859 2860 AND
2 1 233 1656 2861 AND
2 1 105 1656 2862 AND
2 1 2861 2862 2863 AND
2 1 489 1662 2864 AND
2 1 361 1662 2865 AND
2 1 2864 2865 2866 AND
2 1 2863 2866 2867 AND
2 1 488 1662 2868 AND
2 1 360 1662 2869 AND
2 1 2868 2869 2870 AND
2 1 232 1656 2871 AND
2 1 104 1656 2872 AND
2 1 2871 2872 2873 AND
2 1 2870 2873 2874 AND
2 1 2867 2874 2875 AND
2 1 2860 2875 2876 AND
2 1 2845 2876 2877 AND
2 1 2848 2851 2878 AND
2 1 2870 2873 2879 AND
2 1 2867 2879 2880 AND
2 1 2863 2866 2881 AND
2 1 2855 2858 2882 AND
2 1 2881 2882 2883 AND
2 1 2880 2883 2884 AND
2 1 2860 2884 2885 AND
2 1 2878 2885 2886 AND
2 1 2877 2886 2887 AND
2 1 239 1656 1725 AND
2 1 111 1656 1726 AND
2 1 1725 1726 1727 AND
2 1 495 1662 1728 AND
2 1 367 1662 1729 AND
2 1 1728 1729 1730 AND
2 1 1727 1730 1732 AND
2 1 494 1662 1733 AND
2 1 366 1662 1734 AND
2 1 1733 1734 1735 AND
2 1 238 1656 1736 AND
2 1 110 1656 1737 AND
2 1 1736 1737 1738 AND
2 1 1735 1738 1739 AND
2 1 1732 1739 1740 AND
2 1 237 1656 1741 AND
2 1 109 1656 1742 AND
2 1 1741 1742 1743 AND
2 1 493 1662 1744 AND
2 1 365 1662 1745 AND
2 1 1744 1745 1746 AND
2 1 1743 1746 1747 AND
2 1 236 1656 1748 AND
2 1 108 1656 1749 AND
2 1 1748 1749 1750 AND
2 1 492 1662 1751 AND
2 1 364 1662 1752 AND
2 1 1751 1752 1753 AND
2 1 1750 1753 2888 AND
2 1 1747 2888 2889 AND
2 1 1740 2889 2890 AND
2 1 2887 2890 2891 AND
2 1 1735 1738 1759 AND
2 1 1732 1759 1760 AND
2 1 1727 1730 1731 AND
2 1 1750 1753 1754 AND
2 1 1747 1754 1755 AND
2 1 1743 1746 1756 AND
2 1 1755 1756 1757 AND
2 1 1740 1757 1758 AND
2 1 1731 1758 2892 AND
2 1 1760 2892 2893 AND
2 1 2891 2893 2894 AND
2 1 241 1656 1718 AND
2 1 113 1656 1719 AND
2 1 1718 1719 1720 AND
2 1 497 1662 1721 AND
2 1 369 1662 1722 AND
2 1 1721 1722 1723 AND
2 1 1720 1723 1724 AND
2 1 496 1662 1696 AND
2 1 368 1662 1697 AND
2 1 1696 1697 1698 AND
2 1 240 1656 1699 AND
2 1 112 1656 1700 AND
2 1 1699 1700 1701 AND
2 1 1698 1701 1702 AND
2 1 243 1656 1703 AND
2 1 115 1656 1704 AND
2 1 1703 1704 1705 AND
2 1 499 1662 1706 AND
2 1 371 1662 1707 AND
2 1 1706 1707 1708 AND
2 1 1705 1708 1709 AND
2 1 498 1662 1710 AND
2 1 370 1662 1711 AND
2 1 1710 1711 1712 AND
2 1 242 1656 1713 AND
2 1 114 1656 1714 AND
2 1 1713 1714 1715 AND
2 1 1712 1715 1716 AND
2 1 1709 1716 1717 AND
2 1 1702 1717 2895 AND
2 1 1724 2895 2896 AND
2 1 2894 2896 2897 AND
2 1 1705 1708 2898 AND
2 1 1698 1701 2899 AND
2 1 1724 2899 2900 AND
2 1 1720 1723 2901 AND
2 1 1712 1715 2902 AND
2 1 2901 2902 2903 AND
2 1 2900 2903 2904 AND
2 1 1717 2904 2905 AND
2 1 2898 2905 2906 AND
2 1 2897 2906 2907 AND
2 1 247 1656 1657 AND
2 1 119 1656 1658 AND
2 1 1657 1658 1659 AND
2 1 503 1662 1663 AND
2 1 375 1662 1664 AND
2 1 1663 1664 1665 AND
2 1 1659 1665 1667 AND
2 1 502 1662 1668 AND
2 1 374 1662 1669 AND
2 1 1668 1669 1670 AND
2 1 246 1656 1671 AND
2 1 118 1656 1672 AND
2 1 1671 1672 1673 AND
2 1 1670 1673 1674 AND
2 1 1667 1674 1675 AND
2 1 245 1656 1679 AND
2 1 117 1656 1680 AND
2 1 1679 1680 1681 AND
2 1 501 1662 1682 AND
2 1 373 1662 1683 AND
2 1 1682 1683 1684 AND
2 1 1681 1684 1685 AND
2 1 244 1656 1676 AND
2 1 116 1656 1677 AND
2 1 1676 1677 1678 AND
2 1 500 1662 1686 AND
2 1 372 1662 1687 AND
2 1 1686 1687 1688 AND
2 1 1678 1688 2908 AND
2 1 1685 2908 2909 AND
2 1 1675 2909 2910 AND
2 1 2907 2910 2911 AND
2 1 1670 1673 1694 AND
2 1 1667 1694 1695 AND
2 1 1659 1665 1666 AND
2 1 1678 1688 1689 AND
2 1 1685 1689 1690 AND
2 1 1681 1684 1691 AND
2 1 1690 1691 1692 AND
2 1 1675 1692 1693 AND
2 1 1666 1693 2912 AND
2 1 1695 2912 2913 AND
2 1 2911 2913 2914 AND
2 1 251 1656 2915 AND
2 1 123 1656 2916 AND
2 1 2915 2916 2917 AND
2 1 507 1662 2918 AND
2 1 379 1662 2919 AND
2 1 2918 2919 2920 AND
2 1 2917 2920 2921 AND
2 1 506 1662 2922 AND
2 1 378 1662 2923 AND
2 1 2922 2923 2924 AND
2 1 250 1656 2925 AND
2 1 122 1656 2926 AND
2 1 2925 2926 2927 AND
2 1 2924 2927 2928 AND
2 1 2921 2928 2929 AND
2 1 249 1656 2930 AND
2 1 121 1656 2931 AND
2 1 2930 2931 2932 AND
2 1 505 1662 2933 AND
2 1 377 1662 2934 AND
2 1 2933 2934 2935 AND
2 1 2932 2935 2936 AND
2 1 504 1662 2937 AND
2 1 376 1662 2938 AND
2 1 2937 2938 2939 AND
2 1 248 1656 2940 AND
2 1 120 1656 2941 AND
2 1 2940 2941 2942 AND
2 1 2939 2942 2943 AND
2 1 2936 2943 2944 AND
2 1 2929 2944 2945 AND
2 1 2914 2945 2946 AND
2 1 2917 2920 2947 AND
2 1 2939 2942 2948 AND
2 1 2936 2948 2949 AND
2 1 2932 2935 2950 AND
2 1 2924 2927 2951 AND
2 1 2950 2951 2952 AND
2 1 2949 2952 2953 AND
2 1 2929 2953 2954 AND
2 1 2947 2954 2955 AND
2 1 2946 2955 2956 AND
2 1 254 1656 2965 AND
2 1 126 1656 2966 AND
2 1 2965 2966 2967 AND
2 1 510 1662 2968 AND
2 1 382 1662 2969 AND
2 1 2968 2969 2970 AND
2 1 2967 2970 2971 AND
2 1 253 1656 2972 AND
2 1 125 1656 2973 AND
2 1 2972 2973 2974 AND
2 1 509 1662 2975 AND
2 1 381 1662 2976 AND
2 1 2975 2976 2977 AND
2 1 2974 2977 2978 AND
2 1 2971 2978 2979 AND
2 1 252 1656 2957 AND
2 1 124 1656 2958 AND
2 1 2957 2958 2959 AND
2 1 508 1662 2960 AND
2 1 380 1662 2961 AND
2 1 2960 2961 2962 AND
2 1 2959 2962 2963 AND
2 1 511 1073 1081 AND
2 1 383 1081 1082 AND
2 1 255 1643 1651 AND
2 1 127 1651 1652 AND
2 1 1082 1652 2964 AND
2 1 2963 2964 2980 AND
2 1 2979 2980 2981 AND
2 1 2956 2981 2982 AND
2 1 1082 1652 1653 AND
2 1 2959 2962 2983 AND
2 1 2974 2977 2984 AND
2 1 2983 2984 2985 AND
2 1 2979 2985 2986 AND
2 1 2967 2970 2987 AND
2 1 2986 2987 2988 AND
2 1 2964 2988 2989 AND
2 1 1653 2989 2990 AND
2 1 2982 2990 2991 AND
2 1 2364 2991 2992 AND
2 1 2361 2991 2993 AND
2 1 2992 2993 2994 AND
2 1 2358 2991 2995 AND
2 1 2368 2991 2996 AND
2 1 2995 2996 2997 AND
2 1 2374 2991 2998 AND
2 1 2371 2991 2999 AND
2 1 2998 2999 3000 AND
2 1 2354 2991 3001 AND
2 1 2351 2991 3002 AND
2 1 3001 3002 3003 AND
2 1 2345 2991 3004 AND
2 1 2348 2991 3005 AND
2 1 3004 3005 3006 AND
2 1 2339 2991 3007 AND
2 1 2342 2991 3008 AND
2 1 3007 3008 3009 AND
2 1 2333 2991 3010 AND
2 1 2336 2991 3011 AND
2 1 3010 3011 3012 AND
2 1 2329 2991 3013 AND
2 1 2326 2991 3014 AND
2 1 3013 3014 3015 AND
2 1 2323 2991 3016 AND
2 1 2403 2991 3017 AND
2 1 3016 3017 3018 AND
2 1 2320 2991 3019 AND
2 1 2410 2991 3020 AND
2 1 3019 3020 3021 AND
2 1 2317 2991 3022 AND
2 1 2314 2991 3023 AND
2 1 3022 3023 3024 AND
2 1 2310 2991 3025 AND
2 1 2307 2991 3026 AND
2 1 3025 3026 3027 AND
2 1 2304 2991 3028 AND
2 1 2301 2991 3029 AND
2 1 3028 3029 3030 AND
2 1 2297 2991 3031 AND
2 1 2294 2991 3032 AND
2 1 3031 3032 3033 AND
2 1 2291 2991 3034 AND
2 1 2288 2991 3035 AND
2 1 3034 3035 3036 AND
2 1 2284 2991 3037 AND
2 1 2281 2991 3038 AND
2 1 3037 3038 3039 AND
2 1 2278 2991 3040 AND
2 1 2438 2991 3041 AND
2 1 3040 3041 3042 AND
2 1 2275 2991 3043 AND
2 1 2445 2991 3044 AND
2 1 3043 3044 3045 AND
2 1 2272 2991 3046 AND
2 1 2269 2991 3047 AND
2 1 3046 3047 3048 AND
2 1 2265 2991 3049 AND
2 1 2262 2991 3050 AND
2 1 3049 3050 3051 AND
2 1 2259 2991 3052 AND
2 1 2256 2991 3053 AND
2 1 3052 3053 3054 AND
2 1 2252 2991 3055 AND
2 1 2249 2991 3056 AND
2 1 3055 3056 3057 AND
2 1 2246 2991 3058 AND
2 1 2243 2991 3059 AND
2 1 3058 3059 3060 AND
2 1 2239 2991 3061 AND
2 1 2236 2991 3062 AND
2 1 3061 3062 3063 AND
2 1 2233 2991 3064 AND
2 1 2473 2991 3065 AND
2 1 3064 3065 3066 AND
2 1 2230 2991 3067 AND
2 1 2480 2991 3068 AND
2 1 3067 3068 3069 AND
2 1 2226 2991 3070 AND
2 1 2223 2991 3071 AND
2 1 3070 3071 3072 AND
2 1 2220 2991 3073 AND
2 1 2217 2991 3074 AND
2 1 3073 3074 3075 AND
2 1 2213 2991 3076 AND
2 1 2210 2991 3077 AND
2 1 3076 3077 3078 AND
2 1 2207 2991 3079 AND
2 1 2204 2991 3080 AND
2 1 3079 3080 3081 AND
2 1 2200 2991 3082 AND
2 1 2197 2991 3083 AND
2 1 3082 3083 3084 AND
2 1 2194 2991 3085 AND
2 1 2191 2991 3086 AND
2 1 3085 3086 3087 AND
2 1 2184 2991 3088 AND
2 1 2187 2991 3089 AND
2 1 3088 3089 3090 AND
2 1 2538 2991 3091 AND
2 1 2535 2991 3092 AND
2 1 3091 3092 3093 AND
2 1 2549 2991 3094 AND
2 1 2552 2991 3095 AND
2 1 3094 3095 3096 AND
2 1 2545 2991 3097 AND
2 1 2542 2991 3098 AND
2 1 3097 3098 3099 AND
2 1 2522 2991 3100 AND
2 1 2519 2991 3101 AND
2 1 3100 3101 3102 AND
2 1 2529 2991 3103 AND
2 1 2526 2991 3104 AND
2 1 3103 3104 3105 AND
2 1 2511 2991 3106 AND
2 1 2514 2991 3107 AND
2 1 3106 3107 3108 AND
2 1 2507 2991 3109 AND
2 1 2504 2991 3110 AND
2 1 3109 3110 3111 AND
2 1 2165 2991 3112 AND
2 1 2162 2991 3113 AND
2 1 3112 3113 3114 AND
2 1 2158 2991 3115 AND
2 1 2155 2991 3116 AND
2 1 3115 3116 3117 AND
2 1 2150 2991 3118 AND
2 1 2147 2991 3119 AND
2 1 3118 3119 3120 AND
2 1 2142 2991 3121 AND
2 1 2139 2991 3122 AND
2 1 3121 3122 3123 AND
2 1 2126 2991 3124 AND
2 1 2123 2991 3125 AND
2 1 3124 3125 3126 AND
2 1 2133 2991 3127 AND
2 1 2130 2991 3128 AND
2 1 3127 3128 3129 AND
2 1 2115 2991 3130 AND
2 1 2118 2991 3131 AND
2 1 3130 3131 3132 AND
2 1 2110 2991 3133 AND
2 1 2107 2991 3134 AND
2 1 3133 3134 3135 AND
2 1 2596 2991 3136 AND
2 1 2599 2991 3137 AND
2 1 3136 3137 3138 AND
2 1 2637 2991 3139 AND
2 1 2634 2991 3140 AND
2 1 3139 3140 3141 AND
2 1 2648 2991 3142 AND
2 1 2651 2991 3143 AND
2 1 3142 3143 3144 AND
2 1 2644 2991 3145 AND
2 1 2641 2991 3146 AND
2 1 3145 3146 3147 AND
2 1 2625 2991 3148 AND
2 1 2628 2991 3149 AND
2 1 3148 3149 3150 AND
2 1 2621 2991 3151 AND
2 1 2618 2991 3152 AND
2 1 3151 3152 3153 AND
2 1 2610 2991 3154 AND
2 1 2613 2991 3155 AND
2 1 3154 3155 3156 AND
2 1 2606 2991 3157 AND
2 1 2603 2991 3158 AND
2 1 3157 3158 3159 AND
2 1 2088 2991 3160 AND
2 1 2085 2991 3161 AND
2 1 3160 3161 3162 AND
2 1 2081 2991 3163 AND
2 1 2078 2991 3164 AND
2 1 3163 3164 3165 AND
2 1 2073 2991 3166 AND
2 1 2070 2991 3167 AND
2 1 3166 3167 3168 AND
2 1 2065 2991 3169 AND
2 1 2062 2991 3170 AND
2 1 3169 3170 3171 AND
2 1 2049 2991 3172 AND
2 1 2046 2991 3173 AND
2 1 3172 3173 3174 AND
2 1 2056 2991 3175 AND
2 1 2053 2991 3176 AND
2 1 3175 3176 3177 AND
2 1 2038 2991 3178 AND
2 1 2041 2991 3179 AND
2 1 3178 3179 3180 AND
2 1 2033 2991 3181 AND
2 1 2030 2991 3182 AND
2 1 3181 3182 3183 AND
2 1 2016 2991 3184 AND
2 1 2019 2991 3185 AND
2 1 3184 3185 3186 AND
2 1 2026 2991 3187 AND
2 1 2023 2991 3188 AND
2 1 3187 3188 3189 AND
2 1 2008 2991 3190 AND
2 1 2011 2991 3191 AND
2 1 3190 3191 3192 AND
2 1 2004 2991 3193 AND
2 1 2001 2991 3194 AND
2 1 3193 3194 3195 AND
2 1 1991 2991 3196 AND
2 1 1988 2991 3197 AND
2 1 3196 3197 3198 AND
2 1 1984 2991 3199 AND
2 1 1981 2991 3200 AND
2 1 3199 3200 3201 AND
2 1 1973 2991 3202 AND
2 1 1976 2991 3203 AND
2 1 3202 3203 3204 AND
2 1 1968 2991 3205 AND
2 1 1965 2991 3206 AND
2 1 3205 3206 3207 AND
2 1 2732 2991 3208 AND
2 1 2735 2991 3209 AND
2 1 3208 3209 3210 AND
2 1 2728 2991 3211 AND
2 1 2725 2991 3212 AND
2 1 3211 3212 3213 AND
2 1 2717 2991 3214 AND
2 1 2720 2991 3215 AND
2 1 3214 3215 3216 AND
2 1 2713 2991 3217 AND
2 1 2710 2991 3218 AND
2 1 3217 3218 3219 AND
2 1 1955 2991 3220 AND
2 1 1952 2991 3221 AND
2 1 3220 3221 3222 AND
2 1 1948 2991 3223 AND
2 1 1945 2991 3224 AND
2 1 3223 3224 3225 AND
2 1 1937 2991 3226 AND
2 1 1940 2991 3227 AND
2 1 3226 3227 3228 AND
2 1 1932 2991 3229 AND
2 1 1929 2991 3230 AND
2 1 3229 3230 3231 AND
2 1 1900 2991 3232 AND
2 1 1903 2991 3233 AND
2 1 3232 3233 3234 AND
2 1 1925 2991 3235 AND
2 1 1922 2991 3236 AND
2 1 3235 3236 3237 AND
2 1 1914 2991 3238 AND
2 1 1917 2991 3239 AND
2 1 3238 3239 3240 AND
2 1 1910 2991 3241 AND
2 1 1907 2991 3242 AND
2 1 3241 3242 3243 AND
2 1 1890 2991 3244 AND
2 1 1887 2991 3245 AND
2 1 3244 3245 3246 AND
2 1 1883 2991 3247 AND
2 1 1880 2991 3248 AND
2 1 3247 3248 3249 AND
2 1 1872 2991 3250 AND
2 1 1875 2991 3251 AND
2 1 3250 3251 3252 AND
2 1 1867 2991 3253 AND
2 1 1864 2991 3254 AND
2 1 3253 3254 3255 AND
2 1 2801 2991 3256 AND
2 1 2804 2991 3257 AND
2 1 3256 3257 3258 AND
2 1 2797 2991 3259 AND
2 1 2794 2991 3260 AND
2 1 3259 3260 3261 AND
2 1 2786 2991 3262 AND
2 1 2789 2991 3263 AND
2 1 3262 3263 3264 AND
2 1 2782 2991 3265 AND
2 1 2779 2991 3266 AND
2 1 3265 3266 3267 AND
2 1 1854 2991 3268 AND
2 1 1851 2991 3269 AND
2 1 3268 3269 3270 AND
2 1 1847 2991 3271 AND
2 1 1844 2991 3272 AND
2 1 3271 3272 3273 AND
2 1 1836 2991 3274 AND
2 1 1839 2991 3275 AND
2 1 3274 3275 3276 AND
2 1 1831 2991 3277 AND
2 1 1828 2991 3278 AND
2 1 3277 3278 3279 AND
2 1 1799 2991 3280 AND
2 1 1802 2991 3281 AND
2 1 3280 3281 3282 AND
2 1 1824 2991 3283 AND
2 1 1821 2991 3284 AND
2 1 3283 3284 3285 AND
2 1 1813 2991 3286 AND
2 1 1816 2991 3287 AND
2 1 3286 3287 3288 AND
2 1 1809 2991 3289 AND
2 1 1806 2991 3290 AND
2 1 3289 3290 3291 AND
2 1 1789 2991 3292 AND
2 1 1786 2991 3293 AND
2 1 3292 3293 3294 AND
2 1 1782 2991 3295 AND
2 1 1779 2991 3296 AND
2 1 3295 3296 3297 AND
2 1 1771 2991 3298 AND
2 1 1774 2991 3299 AND
2 1 3298 3299 3300 AND
2 1 1766 2991 3301 AND
2 1 1763 2991 3302 AND
2 1 3301 3302 3303 AND
2 1 2870 2991 3304 AND
2 1 2873 2991 3305 AND
2 1 3304 3305 3306 AND
2 1 2866 2991 3307 AND
2 1 2863 2991 3308 AND
2 1 3307 3308 3309 AND
2 1 2855 2991 3310 AND
2 1 2858 2991 3311 AND
2 1 3310 3311 3312 AND
2 1 2851 2991 3313 AND
2 1 2848 2991 3314 AND
2 1 3313 3314 3315 AND
2 1 1753 2991 3316 AND
2 1 1750 2991 3317 AND
2 1 3316 3317 3318 AND
2 1 1746 2991 3319 AND
2 1 1743 2991 3320 AND
2 1 3319 3320 3321 AND
2 1 1735 2991 3322 AND
2 1 1738 2991 3323 AND
2 1 3322 3323 3324 AND
2 1 1730 2991 3325 AND
2 1 1727 2991 3326 AND
2 1 3325 3326 3327 AND
2 1 1698 2991 3328 AND
2 1 1701 2991 3329 AND
2 1 3328 3329 3330 AND
2 1 1723 2991 3331 AND
2 1 1720 2991 3332 AND
2 1 3331 3332 3333 AND
2 1 1712 2991 3334 AND
2 1 1715 2991 3335 AND
2 1 3334 3335 3336 AND
2 1 1708 2991 3337 AND
2 1 1705 2991 3338 AND
2 1 3337 3338 3339 AND
2 1 1688 2991 3340 AND
2 1 1678 2991 3341 AND
2 1 3340 3341 3342 AND
2 1 1684 2991 3343 AND
2 1 1681 2991 3344 AND
2 1 3343 3344 3345 AND
2 1 1670 2991 3346 AND
2 1 1673 2991 3347 AND
2 1 3346 3347 3348 AND
2 1 1665 2991 3349 AND
2 1 1659 2991 3350 AND
2 1 3349 3350 3351 AND
2 1 2939 2991 3352 AND
2 1 2942 2991 3353 AND
2 1 3352 3353 3354 AND
2 1 2935 2991 3355 AND
2 1 2932 2991 3356 AND
2 1 3355 3356 3357 AND
2 1 2924 2991 3358 AND
2 1 2927 2991 3359 AND
2 1 3358 3359 3360 AND
2 1 2920 2991 3361 AND
2 1 2917 2991 3362 AND
2 1 3361 3362 3363 AND
2 1 2962 2991 3364 AND
2 1 2959 2991 3365 AND
2 1 3364 3365 3366 AND
2 1 2977 2991 3367 AND
2 1 2974 2991 3368 AND
2 1 3367 3368 3369 AND
2 1 2970 2991 3370 AND
2 1 2967 2991 3371 AND
2 1 3370 3371 3372 AND
2 1 1082 2982 3373 AND
2 1 1652 3373 3374 AND
2 1 1662 2991 3375 AND
2 1 1656 2991 3376 AND
2 1 3375 3376 3377 AND