2 1 124 125 132 AND
2 1 126 132 133 AND
2 1 127 133 134 AND
2 1 122 123 138 AND
2 1 134 138 139 AND
2 1 125 126 129 AND
2 1 127 129 130 AND
2 1 130 138 140 AND
2 1 139 140 141 AND
2 1 120 121 145 AND
2 1 141 145 146 AND
2 1 123 130 131 AND
2 1 123 134 135 AND
2 1 131 135 136 AND
2 1 136 145 147 AND
2 1 146 147 148 AND
2 1 118 119 152 AND
2 1 148 152 153 AND
2 1 121 136 137 AND
2 1 121 141 142 AND
2 1 137 142 143 AND
2 1 143 152 154 AND
2 1 153 154 155 AND
2 1 116 117 159 AND
2 1 155 159 160 AND
2 1 119 143 144 AND
2 1 119 148 149 AND
2 1 144 149 150 AND
2 1 150 159 161 AND
2 1 160 161 162 AND
2 1 114 115 166 AND
2 1 162 166 167 AND
2 1 117 150 151 AND
2 1 117 155 156 AND
2 1 151 156 157 AND
2 1 157 166 168 AND
2 1 167 168 169 AND
2 1 112 113 173 AND
2 1 169 173 174 AND
2 1 115 157 158 AND
2 1 115 162 163 AND
2 1 158 163 164 AND
2 1 164 173 175 AND
2 1 174 175 176 AND
2 1 110 111 180 AND
2 1 176 180 181 AND
2 1 113 164 165 AND
2 1 113 169 170 AND
2 1 165 170 171 AND
2 1 171 180 182 AND
2 1 181 182 183 AND
2 1 108 109 187 AND
2 1 183 187 188 AND
2 1 111 171 172 AND
2 1 111 176 177 AND
2 1 172 177 178 AND
2 1 178 187 189 AND
2 1 188 189 190 AND
2 1 106 107 194 AND
2 1 190 194 195 AND
2 1 109 178 179 AND
2 1 109 183 184 AND
2 1 179 184 185 AND
2 1 185 194 196 AND
2 1 195 196 197 AND
2 1 104 105 201 AND
2 1 197 201 202 AND
2 1 107 185 186 AND
2 1 107 190 191 AND
2 1 186 191 192 AND
2 1 192 201 203 AND
2 1 202 203 204 AND
2 1 102 103 208 AND
2 1 204 208 209 AND
2 1 105 192 193 AND
2 1 105 197 198 AND
2 1 193 198 199 AND
2 1 199 208 210 AND
2 1 209 210 211 AND
2 1 100 101 215 AND
2 1 211 215 216 AND
2 1 103 199 200 AND
2 1 103 204 205 AND
2 1 200 205 206 AND
2 1 206 215 217 AND
2 1 216 217 218 AND
2 1 98 99 222 AND
2 1 218 222 223 AND
2 1 101 206 207 AND
2 1 101 211 212 AND
2 1 207 212 213 AND
2 1 213 222 224 AND
2 1 223 224 225 AND
2 1 96 97 229 AND
2 1 225 229 230 AND
2 1 99 213 214 AND
2 1 99 218 219 AND
2 1 214 219 220 AND
2 1 220 229 231 AND
2 1 230 231 232 AND
2 1 94 95 236 AND
2 1 232 236 237 AND
2 1 97 220 221 AND
2 1 97 225 226 AND
2 1 221 226 227 AND
2 1 227 236 238 AND
2 1 237 238 239 AND
2 1 92 93 243 AND
2 1 239 243 244 AND
2 1 95 227 228 AND
2 1 95 232 233 AND
2 1 228 233 234 AND
2 1 234 243 245 AND
2 1 244 245 246 AND
2 1 90 91 250 AND
2 1 246 250 251 AND
2 1 93 234 235 AND
2 1 93 239 240 AND
2 1 235 240 241 AND
2 1 241 250 252 AND
2 1 251 252 253 AND
2 1 88 89 257 AND
2 1 253 257 258 AND
2 1 91 241 242 AND
2 1 91 246 247 AND
2 1 242 247 248 AND
2 1 248 257 259 AND
2 1 258 259 260 AND
2 1 86 87 264 AND
2 1 260 264 265 AND
2 1 89 248 249 AND
2 1 89 253 254 AND
2 1 249 254 255 AND
2 1 255 264 266 AND
2 1 265 266 267 AND
2 1 84 85 271 AND
2 1 267 271 272 AND
2 1 87 255 256 AND
2 1 87 260 261 AND
2 1 256 261 262 AND
2 1 262 271 273 AND
2 1 272 273 274 AND
2 1 82 83 278 AND
2 1 274 278 279 AND
2 1 85 262 263 AND
2 1 85 267 268 AND
2 1 263 268 269 AND
2 1 269 278 280 AND
2 1 279 280 281 AND
2 1 80 81 285 AND
2 1 281 285 286 AND
2 1 83 269 270 AND
2 1 83 274 275 AND
2 1 270 275 276 AND
2 1 276 285 287 AND
2 1 286 287 288 AND
2 1 78 79 292 AND
2 1 288 292 293 AND
2 1 81 276 277 AND
2 1 81 281 282 AND
2 1 277 282 283 AND
2 1 283 292 294 AND
2 1 293 294 295 AND
2 1 76 77 299 AND
2 1 295 299 300 AND
2 1 79 283 284 AND
2 1 79 288 289 AND
2 1 284 289 290 AND
2 1 290 299 301 AND
2 1 300 301 302 AND
2 1 74 75 306 AND
2 1 302 306 307 AND
2 1 77 290 291 AND
2 1 77 295 296 AND
2 1 291 296 297 AND
2 1 297 306 308 AND
2 1 307 308 309 AND
2 1 72 73 313 AND
2 1 309 313 314 AND
2 1 75 297 298 AND
2 1 75 302 303 AND
2 1 298 303 304 AND
2 1 304 313 315 AND
2 1 314 315 316 AND
2 1 70 71 320 AND
2 1 316 320 321 AND
2 1 73 304 305 AND
2 1 73 309 310 AND
2 1 305 310 311 AND
2 1 311 320 322 AND
2 1 321 322 323 AND
2 1 68 69 327 AND
2 1 323 327 328 AND
2 1 71 311 312 AND
2 1 71 316 317 AND
2 1 312 317 318 AND
2 1 318 327 329 AND
2 1 328 329 330 AND
2 1 66 67 334 AND
2 1 330 334 335 AND
2 1 69 318 319 AND
2 1 69 323 324 AND
2 1 319 324 325 AND
2 1 325 334 336 AND
2 1 335 336 337 AND
2 1 64 65 341 AND
2 1 337 341 342 AND
2 1 67 325 326 AND
2 1 67 330 331 AND
2 1 326 331 332 AND
2 1 332 341 343 AND
2 1 342 343 344 AND
2 1 62 63 348 AND
2 1 344 348 349 AND
2 1 65 332 333 AND
2 1 65 337 338 AND
2 1 333 338 339 AND
2 1 339 348 350 AND
2 1 349 350 351 AND
2 1 60 61 355 AND
2 1 351 355 356 AND
2 1 63 339 340 AND
2 1 63 344 345 AND
2 1 340 345 346 AND
2 1 346 355 357 AND
2 1 356 357 358 AND
2 1 58 59 362 AND
2 1 358 362 363 AND
2 1 61 346 347 AND
2 1 61 351 352 AND
2 1 347 352 353 AND
2 1 353 362 364 AND
2 1 363 364 365 AND
2 1 56 57 369 AND
2 1 365 369 370 AND
2 1 59 353 354 AND
2 1 59 358 359 AND
2 1 354 359 360 AND
2 1 360 369 371 AND
2 1 370 371 372 AND
2 1 54 55 376 AND
2 1 372 376 377 AND
2 1 57 360 361 AND
2 1 57 365 366 AND
2 1 361 366 367 AND
2 1 367 376 378 AND
2 1 377 378 379 AND
2 1 52 53 383 AND
2 1 379 383 384 AND
2 1 55 367 368 AND
2 1 55 372 373 AND
2 1 368 373 374 AND
2 1 374 383 385 AND
2 1 384 385 386 AND
2 1 50 51 390 AND
2 1 386 390 391 AND
2 1 53 374 375 AND
2 1 53 379 380 AND
2 1 375 380 381 AND
2 1 381 390 392 AND
2 1 391 392 393 AND
2 1 48 49 397 AND
2 1 393 397 398 AND
2 1 51 381 382 AND
2 1 51 386 387 AND
2 1 382 387 388 AND
2 1 388 397 399 AND
2 1 398 399 400 AND
2 1 46 47 404 AND
2 1 400 404 405 AND
2 1 49 388 389 AND
2 1 49 393 394 AND
2 1 389 394 395 AND
2 1 395 404 406 AND
2 1 405 406 407 AND
2 1 44 45 411 AND
2 1 407 411 412 AND
2 1 47 395 396 AND
2 1 47 400 401 AND
2 1 396 401 402 AND
2 1 402 411 413 AND
2 1 412 413 414 AND
2 1 42 43 418 AND
2 1 414 418 419 AND
2 1 45 402 403 AND
2 1 45 407 408 AND
2 1 403 408 409 AND
2 1 409 418 420 AND
2 1 419 420 421 AND
2 1 40 41 425 AND
2 1 421 425 426 AND
2 1 43 409 410 AND
2 1 43 414 415 AND
2 1 410 415 416 AND
2 1 416 425 427 AND
2 1 426 427 428 AND
2 1 38 39 432 AND
2 1 428 432 433 AND
2 1 41 416 417 AND
2 1 41 421 422 AND
2 1 417 422 423 AND
2 1 423 432 434 AND
2 1 433 434 435 AND
2 1 36 37 439 AND
2 1 435 439 440 AND
2 1 39 423 424 AND
2 1 39 428 429 AND
2 1 424 429 430 AND
2 1 430 439 441 AND
2 1 440 441 442 AND
2 1 34 35 446 AND
2 1 442 446 447 AND
2 1 37 430 431 AND
2 1 37 435 436 AND
2 1 431 436 437 AND
2 1 437 446 448 AND
2 1 447 448 449 AND
2 1 32 33 453 AND
2 1 449 453 454 AND
2 1 35 437 438 AND
2 1 35 442 443 AND
2 1 438 443 444 AND
2 1 444 453 455 AND
2 1 454 455 456 AND
2 1 30 31 460 AND
2 1 456 460 461 AND
2 1 33 444 445 AND
2 1 33 449 450 AND
2 1 445 450 451 AND
2 1 451 460 462 AND
2 1 461 462 463 AND
2 1 28 29 467 AND
2 1 463 467 468 AND
2 1 31 451 452 AND
2 1 31 456 457 AND
2 1 452 457 458 AND
2 1 458 467 469 AND
2 1 468 469 470 AND
2 1 26 27 474 AND
2 1 470 474 475 AND
2 1 29 458 459 AND
2 1 29 463 464 AND
2 1 459 464 465 AND
2 1 465 474 476 AND
2 1 475 476 477 AND
2 1 24 25 481 AND
2 1 477 481 482 AND
2 1 27 465 466 AND
2 1 27 470 471 AND
2 1 466 471 472 AND
2 1 472 481 483 AND
2 1 482 483 484 AND
2 1 22 23 488 AND
2 1 484 488 489 AND
2 1 25 472 473 AND
2 1 25 477 478 AND
2 1 473 478 479 AND
2 1 479 488 490 AND
2 1 489 490 491 AND
2 1 20 21 495 AND
2 1 491 495 496 AND
2 1 23 479 480 AND
2 1 23 484 485 AND
2 1 480 485 486 AND
2 1 486 495 497 AND
2 1 496 497 498 AND
2 1 18 19 502 AND
2 1 498 502 503 AND
2 1 21 486 487 AND
2 1 21 491 492 AND
2 1 487 492 493 AND
2 1 493 502 504 AND
2 1 503 504 505 AND
2 1 16 17 509 AND
2 1 505 509 510 AND
2 1 19 493 494 AND
2 1 19 498 499 AND
2 1 494 499 500 AND
2 1 500 509 511 AND
2 1 510 511 512 AND
2 1 14 15 516 AND
2 1 512 516 517 AND
2 1 17 500 501 AND
2 1 17 505 506 AND
2 1 501 506 507 AND
2 1 507 516 518 AND
2 1 517 518 519 AND
2 1 12 13 523 AND
2 1 519 523 524 AND
2 1 15 507 508 AND
2 1 15 512 513 AND
2 1 508 513 514 AND
2 1 514 523 525 AND
2 1 524 525 526 AND
2 1 10 11 530 AND
2 1 526 530 531 AND
2 1 13 514 515 AND
2 1 13 519 520 AND
2 1 515 520 521 AND
2 1 521 530 532 AND
2 1 531 532 533 AND
2 1 8 9 537 AND
2 1 533 537 538 AND
2 1 11 521 522 AND
2 1 11 526 527 AND
2 1 522 527 528 AND
2 1 528 537 539 AND
2 1 538 539 540 AND
2 1 6 7 544 AND
2 1 540 544 545 AND
2 1 9 528 529 AND
2 1 9 533 534 AND
2 1 529 534 535 AND
2 1 535 544 546 AND
2 1 545 546 547 AND
2 1 4 5 550 AND
2 1 547 550 551 AND
2 1 7 535 536 AND
2 1 7 540 541 AND
2 1 536 541 542 AND
2 1 542 550 552 AND
2 1 551 552 553 AND
2 1 1 2 554 AND
2 1 3 554 555 AND
2 1 553 555 556 AND
2 1 5 542 543 AND
2 1 5 547 548 AND
2 1 543 548 549 AND
2 1 549 555 557 AND
2 1 556 557 558 AND
2 1 126 127 559 AND
2 1 124 125 560 AND
2 1 122 123 561 AND
2 1 560 561 564 AND
2 1 559 564 565 AND
2 1 120 565 566 AND
2 1 121 561 562 AND
2 1 560 562 563 AND
2 1 120 559 567 AND
2 1 563 567 568 AND
2 1 566 568 569 AND
2 1 118 119 570 AND
2 1 569 570 571 AND
2 1 565 570 572 AND
2 1 571 572 573 AND
2 1 116 117 574 AND
2 1 573 574 575 AND
2 1 569 574 576 AND
2 1 575 576 577 AND
2 1 114 115 578 AND
2 1 577 578 579 AND
2 1 573 578 580 AND
2 1 579 580 581 AND
2 1 112 113 582 AND
2 1 581 582 583 AND
2 1 577 582 584 AND
2 1 583 584 585 AND
2 1 110 111 586 AND
2 1 585 586 587 AND
2 1 581 586 588 AND
2 1 587 588 589 AND
2 1 108 109 590 AND
2 1 589 590 591 AND
2 1 585 590 592 AND
2 1 591 592 593 AND
2 1 106 107 594 AND
2 1 593 594 595 AND
2 1 589 594 596 AND
2 1 595 596 597 AND
2 1 104 105 598 AND
2 1 597 598 599 AND
2 1 593 598 600 AND
2 1 599 600 601 AND
2 1 102 103 602 AND
2 1 601 602 603 AND
2 1 597 602 604 AND
2 1 603 604 605 AND
2 1 100 101 606 AND
2 1 605 606 607 AND
2 1 601 606 608 AND
2 1 607 608 609 AND
2 1 98 99 610 AND
2 1 609 610 611 AND
2 1 605 610 612 AND
2 1 611 612 613 AND
2 1 96 97 614 AND
2 1 613 614 615 AND
2 1 609 614 616 AND
2 1 615 616 617 AND
2 1 94 95 618 AND
2 1 617 618 619 AND
2 1 613 618 620 AND
2 1 619 620 621 AND
2 1 92 93 622 AND
2 1 621 622 623 AND
2 1 617 622 624 AND
2 1 623 624 625 AND
2 1 90 91 626 AND
2 1 625 626 627 AND
2 1 621 626 628 AND
2 1 627 628 629 AND
2 1 88 89 630 AND
2 1 629 630 631 AND
2 1 625 630 632 AND
2 1 631 632 633 AND
2 1 86 87 634 AND
2 1 633 634 635 AND
2 1 629 634 636 AND
2 1 635 636 637 AND
2 1 84 85 638 AND
2 1 637 638 639 AND
2 1 633 638 640 AND
2 1 639 640 641 AND
2 1 82 83 642 AND
2 1 641 642 643 AND
2 1 637 642 644 AND
2 1 643 644 645 AND
2 1 80 81 646 AND
2 1 645 646 647 AND
2 1 641 646 648 AND
2 1 647 648 649 AND
2 1 78 79 650 AND
2 1 649 650 651 AND
2 1 645 650 652 AND
2 1 651 652 653 AND
2 1 76 77 654 AND
2 1 653 654 655 AND
2 1 649 654 656 AND
2 1 655 656 657 AND
2 1 74 75 658 AND
2 1 657 658 659 AND
2 1 653 658 660 AND
2 1 659 660 661 AND
2 1 72 73 662 AND
2 1 661 662 663 AND
2 1 657 662 664 AND
2 1 663 664 665 AND
2 1 70 71 666 AND
2 1 665 666 667 AND
2 1 661 666 668 AND
2 1 667 668 669 AND
2 1 68 69 670 AND
2 1 669 670 671 AND
2 1 665 670 672 AND
2 1 671 672 673 AND
2 1 66 67 674 AND
2 1 673 674 675 AND
2 1 669 674 676 AND
2 1 675 676 677 AND
2 1 64 65 678 AND
2 1 677 678 679 AND
2 1 673 678 680 AND
2 1 679 680 681 AND
2 1 62 63 682 AND
2 1 681 682 683 AND
2 1 677 682 684 AND
2 1 683 684 685 AND
2 1 60 61 686 AND
2 1 685 686 687 AND
2 1 681 686 688 AND
2 1 687 688 689 AND
2 1 58 59 690 AND
2 1 689 690 691 AND
2 1 685 690 692 AND
2 1 691 692 693 AND
2 1 56 57 694 AND
2 1 693 694 695 AND
2 1 689 694 696 AND
2 1 695 696 697 AND
2 1 54 55 698 AND
2 1 697 698 699 AND
2 1 693 698 700 AND
2 1 699 700 701 AND
2 1 52 53 702 AND
2 1 701 702 703 AND
2 1 697 702 704 AND
2 1 703 704 705 AND
2 1 50 51 706 AND
2 1 705 706 707 AND
2 1 701 706 708 AND
2 1 707 708 709 AND
2 1 48 49 710 AND
2 1 709 710 711 AND
2 1 705 710 712 AND
2 1 711 712 713 AND
2 1 46 47 714 AND
2 1 713 714 715 AND
2 1 709 714 716 AND
2 1 715 716 717 AND
2 1 44 45 718 AND
2 1 717 718 719 AND
2 1 713 718 720 AND
2 1 719 720 721 AND
2 1 42 43 722 AND
2 1 721 722 723 AND
2 1 717 722 724 AND
2 1 723 724 725 AND
2 1 40 41 726 AND
2 1 725 726 727 AND
2 1 721 726 728 AND
2 1 727 728 729 AND
2 1 38 39 730 AND
2 1 729 730 731 AND
2 1 725 730 732 AND
2 1 731 732 733 AND
2 1 36 37 734 AND
2 1 733 734 735 AND
2 1 729 734 736 AND
2 1 735 736 737 AND
2 1 34 35 738 AND
2 1 737 738 739 AND
2 1 733 738 740 AND
2 1 739 740 741 AND
2 1 32 33 742 AND
2 1 741 742 743 AND
2 1 737 742 744 AND
2 1 743 744 745 AND
2 1 30 31 746 AND
2 1 745 746 747 AND
2 1 741 746 748 AND
2 1 747 748 749 AND
2 1 28 29 750 AND
2 1 749 750 751 AND
2 1 745 750 752 AND
2 1 751 752 753 AND
2 1 26 27 754 AND
2 1 753 754 755 AND
2 1 749 754 756 AND
2 1 755 756 757 AND
2 1 24 25 758 AND
2 1 757 758 759 AND
2 1 753 758 760 AND
2 1 759 760 761 AND
2 1 22 23 762 AND
2 1 761 762 763 AND
2 1 757 762 764 AND
2 1 763 764 765 AND
2 1 20 21 766 AND
2 1 765 766 767 AND
2 1 761 766 768 AND
2 1 767 768 769 AND
2 1 18 19 770 AND
2 1 769 770 771 AND
2 1 765 770 772 AND
2 1 771 772 773 AND
2 1 16 17 774 AND
2 1 773 774 775 AND
2 1 769 774 776 AND
2 1 775 776 777 AND
2 1 14 15 778 AND
2 1 777 778 779 AND
2 1 773 778 780 AND
2 1 779 780 781 AND
2 1 12 13 782 AND
2 1 781 782 783 AND
2 1 777 782 784 AND
2 1 783 784 785 AND
2 1 10 11 786 AND
2 1 785 786 787 AND
2 1 781 786 788 AND
2 1 787 788 789 AND
2 1 8 9 790 AND
2 1 789 790 791 AND
2 1 785 790 792 AND
2 1 791 792 793 AND
2 1 6 7 794 AND
2 1 793 794 795 AND
2 1 789 794 796 AND
2 1 795 796 797 AND
2 1 4 5 798 AND
2 1 2 3 799 AND
2 1 798 799 800 AND
2 1 797 800 801 AND
2 1 793 800 802 AND
2 1 801 802 803 AND
2 1 559 560 804 AND
2 1 120 121 805 AND
2 1 561 805 806 AND
2 1 570 574 807 AND
2 1 806 807 808 AND
2 1 804 808 809 AND
2 1 113 114 810 AND
2 1 112 810 811 AND
2 1 809 811 812 AND
2 1 115 807 813 AND
2 1 806 813 814 AND
2 1 804 811 815 AND
2 1 814 815 816 AND
2 1 812 816 817 AND
2 1 586 590 818 AND
2 1 817 818 819 AND
2 1 809 818 820 AND
2 1 819 820 821 AND
2 1 594 598 822 AND
2 1 821 822 823 AND
2 1 817 822 824 AND
2 1 823 824 825 AND
2 1 602 606 826 AND
2 1 825 826 827 AND
2 1 821 826 828 AND
2 1 827 828 829 AND
2 1 610 614 830 AND
2 1 829 830 831 AND
2 1 825 830 832 AND
2 1 831 832 833 AND
2 1 618 622 834 AND
2 1 833 834 835 AND
2 1 829 834 836 AND
2 1 835 836 837 AND
2 1 626 630 838 AND
2 1 837 838 839 AND
2 1 833 838 840 AND
2 1 839 840 841 AND
2 1 634 638 842 AND
2 1 841 842 843 AND
2 1 837 842 844 AND
2 1 843 844 845 AND
2 1 642 646 846 AND
2 1 845 846 847 AND
2 1 841 846 848 AND
2 1 847 848 849 AND
2 1 650 654 850 AND
2 1 849 850 851 AND
2 1 845 850 852 AND
2 1 851 852 853 AND
2 1 658 662 854 AND
2 1 853 854 855 AND
2 1 849 854 856 AND
2 1 855 856 857 AND
2 1 666 670 858 AND
2 1 857 858 859 AND
2 1 853 858 860 AND
2 1 859 860 861 AND
2 1 674 678 862 AND
2 1 861 862 863 AND
2 1 857 862 864 AND
2 1 863 864 865 AND
2 1 682 686 866 AND
2 1 865 866 867 AND
2 1 861 866 868 AND
2 1 867 868 869 AND
2 1 690 694 870 AND
2 1 869 870 871 AND
2 1 865 870 872 AND
2 1 871 872 873 AND
2 1 698 702 874 AND
2 1 873 874 875 AND
2 1 869 874 876 AND
2 1 875 876 877 AND
2 1 706 710 878 AND
2 1 877 878 879 AND
2 1 873 878 880 AND
2 1 879 880 881 AND
2 1 714 718 882 AND
2 1 881 882 883 AND
2 1 877 882 884 AND
2 1 883 884 885 AND
2 1 722 726 886 AND
2 1 885 886 887 AND
2 1 881 886 888 AND
2 1 887 888 889 AND
2 1 730 734 890 AND
2 1 889 890 891 AND
2 1 885 890 892 AND
2 1 891 892 893 AND
2 1 738 742 894 AND
2 1 893 894 895 AND
2 1 889 894 896 AND
2 1 895 896 897 AND
2 1 746 750 898 AND
2 1 897 898 899 AND
2 1 893 898 900 AND
2 1 899 900 901 AND
2 1 754 758 902 AND
2 1 901 902 903 AND
2 1 897 902 904 AND
2 1 903 904 905 AND
2 1 762 766 906 AND
2 1 905 906 907 AND
2 1 901 906 908 AND
2 1 907 908 909 AND
2 1 770 774 910 AND
2 1 909 910 911 AND
2 1 905 910 912 AND
2 1 911 912 913 AND
2 1 778 782 914 AND
2 1 913 914 915 AND
2 1 909 914 916 AND
2 1 915 916 917 AND
2 1 786 790 918 AND
2 1 794 798 919 AND
2 1 918 919 920 AND
2 1 917 920 921 AND
2 1 913 920 922 AND
2 1 921 922 923 AND
2 1 804 806 924 AND
2 1 578 582 925 AND
2 1 807 925 926 AND
2 1 105 106 927 AND
2 1 107 927 928 AND
2 1 818 928 929 AND
2 1 104 929 930 AND
2 1 926 930 931 AND
2 1 924 931 932 AND
2 1 101 102 933 AND
2 1 99 100 934 AND
2 1 933 934 935 AND
2 1 98 614 936 AND
2 1 935 936 937 AND
2 1 932 937 938 AND
2 1 103 930 939 AND
2 1 926 939 940 AND
2 1 924 937 941 AND
2 1 940 941 942 AND
2 1 938 942 943 AND
2 1 89 90 944 AND
2 1 91 944 945 AND
2 1 834 945 946 AND
2 1 88 946 947 AND
2 1 943 947 948 AND
2 1 932 947 949 AND
2 1 948 949 950 AND
2 1 81 82 951 AND
2 1 83 951 952 AND
2 1 842 952 953 AND
2 1 80 953 954 AND
2 1 950 954 955 AND
2 1 943 954 956 AND
2 1 955 956 957 AND
2 1 73 74 958 AND
2 1 75 958 959 AND
2 1 850 959 960 AND
2 1 72 960 961 AND
2 1 957 961 962 AND
2 1 950 961 963 AND
2 1 962 963 964 AND
2 1 65 66 965 AND
2 1 67 965 966 AND
2 1 858 966 967 AND
2 1 64 967 968 AND
2 1 964 968 969 AND
2 1 957 968 970 AND
2 1 969 970 971 AND
2 1 57 58 972 AND
2 1 59 972 973 AND
2 1 866 973 974 AND
2 1 56 974 975 AND
2 1 971 975 976 AND
2 1 964 975 977 AND
2 1 976 977 978 AND
2 1 49 50 979 AND
2 1 51 979 980 AND
2 1 874 980 981 AND
2 1 48 981 982 AND
2 1 978 982 983 AND
2 1 971 982 984 AND
2 1 983 984 985 AND
2 1 41 42 986 AND
2 1 43 986 987 AND
2 1 882 987 988 AND
2 1 40 988 989 AND
2 1 985 989 990 AND
2 1 978 989 991 AND
2 1 990 991 992 AND
2 1 33 34 993 AND
2 1 35 993 994 AND
2 1 890 994 995 AND
2 1 32 995 996 AND
2 1 992 996 997 AND
2 1 985 996 998 AND
2 1 997 998 999 AND
2 1 25 26 1000 AND
2 1 27 1000 1001 AND
2 1 898 1001 1002 AND
2 1 24 1002 1003 AND
2 1 999 1003 1004 AND
2 1 992 1003 1005 AND
2 1 1004 1005 1006 AND
2 1 17 18 1007 AND
2 1 19 1007 1008 AND
2 1 906 1008 1009 AND
2 1 16 1009 1010 AND
2 1 9 10 1011 AND
2 1 11 1011 1012 AND
2 1 914 1012 1013 AND
2 1 8 1013 1014 AND
2 1 1010 1014 1015 AND
2 1 1006 1015 1016 AND
2 1 999 1015 1017 AND
2 1 1016 1017 1018 AND
2 1 924 926 1019 AND
2 1 99 826 1020 AND
2 1 930 936 1021 AND
2 1 1020 1021 1022 AND
2 1 85 86 1023 AND
2 1 87 1023 1024 AND
2 1 947 1024 1025 AND
2 1 84 642 1026 AND
2 1 1025 1026 1027 AND
2 1 646 1027 1028 AND
2 1 1022 1028 1029 AND
2 1 1019 1029 1030 AND
2 1 77 78 1031 AND
2 1 75 76 1032 AND
2 1 1031 1032 1033 AND
2 1 74 662 1034 AND
2 1 1033 1034 1035 AND
2 1 69 70 1036 AND
2 1 71 1036 1037 AND
2 1 1035 1037 1038 AND
2 1 68 674 1039 AND
2 1 1038 1039 1040 AND
2 1 678 1040 1041 AND
2 1 1030 1041 1042 AND
2 1 79 1028 1043 AND
2 1 1022 1043 1044 AND
2 1 1019 1041 1045 AND
2 1 1044 1045 1046 AND
2 1 1042 1046 1047 AND
2 1 53 54 1048 AND
2 1 55 1048 1049 AND
2 1 975 1049 1050 AND
2 1 52 706 1051 AND
2 1 1050 1051 1052 AND
2 1 710 1052 1053 AND
2 1 1047 1053 1054 AND
2 1 1030 1053 1055 AND
2 1 1054 1055 1056 AND
2 1 37 38 1057 AND
2 1 39 1057 1058 AND
2 1 989 1058 1059 AND
2 1 36 738 1060 AND
2 1 1059 1060 1061 AND
2 1 742 1061 1062 AND
2 1 21 22 1063 AND
2 1 23 1063 1064 AND
2 1 1003 1064 1065 AND
2 1 20 770 1066 AND
2 1 1065 1066 1067 AND
2 1 774 1067 1068 AND
2 1 1062 1068 1069 AND
2 1 1056 1069 1070 AND
2 1 1047 1069 1071 AND
2 1 1070 1071 1072 AND
2 1 1019 1022 1073 AND
2 1 70 670 1075 AND
2 1 1028 1075 1076 AND
2 1 966 1076 1077 AND
2 1 71 961 1074 AND
2 1 64 1074 1078 AND
2 1 1077 1078 1079 AND
2 1 45 46 1080 AND
2 1 47 1080 1081 AND
2 1 1053 1081 1082 AND
2 1 44 722 1083 AND
2 1 1082 1083 1084 AND
2 1 39 40 1085 AND
2 1 41 1085 1086 AND
2 1 1084 1086 1087 AND
2 1 38 734 1088 AND
2 1 1087 1088 1089 AND
2 1 994 1089 1090 AND
2 1 32 1090 1091 AND
2 1 1079 1091 1092 AND
2 1 1073 1092 1093 AND
2 1 1073 1079 1094 AND
2 1 0 3 1095 AND
2 1 1014 1095 1096 AND
2 1 1094 1096 1097 AND
2 1 2 1097 1098 AND
2 1 1 919 1099 AND
2 1 1068 1099 1100 AND
2 1 1091 1100 1101 AND
2 1 1098 1101 1102 AND