2 1 9 10 61 AND
2 1 11 61 63 AND
2 1 12 13 67 AND
2 1 63 67 68 AND
2 1 14 15 73 AND
2 1 68 73 74 AND
2 1 16 74 75 AND
2 1 17 75 77 AND
2 1 18 77 79 AND
2 1 19 20 84 AND
2 1 79 84 85 AND
2 1 21 22 88 AND
2 1 85 88 89 AND
2 1 23 24 96 AND
2 1 25 96 97 AND
2 1 89 97 98 AND
2 1 26 98 99 AND
2 1 27 99 101 AND
2 1 101 28 103 XOR
2 1 9 29 104 AND
2 1 103 104 105 AND
2 1 99 27 102 XOR
2 1 23 89 91 AND
2 1 24 91 94 AND
2 1 94 25 95 XOR
2 1 98 26 100 XOR
2 1 95 100 106 AND
2 1 102 106 107 AND
2 1 105 107 108 AND
2 1 91 24 93 XOR
2 1 21 85 86 AND
2 1 86 22 90 XOR
2 1 89 23 92 XOR
2 1 90 92 109 AND
2 1 93 109 110 AND
2 1 108 110 111 AND
2 1 85 21 87 XOR
2 1 79 19 82 XOR
2 1 19 79 81 AND
2 1 81 20 83 XOR
2 1 82 83 112 AND
2 1 87 112 113 AND
2 1 111 113 114 AND
2 1 77 18 80 XOR
2 1 74 16 76 XOR
2 1 75 17 78 XOR
2 1 76 78 115 AND
2 1 80 115 116 AND
2 1 114 116 117 AND
2 1 14 68 70 AND
2 1 70 15 72 XOR
2 1 12 63 65 AND
2 1 65 13 69 XOR
2 1 68 14 71 XOR
2 1 69 71 118 AND
2 1 72 118 119 AND
2 1 117 119 120 AND
2 1 63 12 66 XOR
2 1 10 9 62 XOR
2 1 61 11 64 XOR
2 1 62 64 121 AND
2 1 66 121 122 AND
2 1 120 122 123 AND
2 1 6 7 124 AND
2 1 8 124 125 AND
2 1 123 125 126 AND
2 1 3 4 127 AND
2 1 5 127 128 AND
2 1 126 128 129 AND
2 1 0 1 130 AND
2 1 2 130 131 AND
2 1 129 131 132 AND
2 1 28 29 133 AND
2 1 101 133 134 AND
2 1 132 134 135 AND
2 1 1 2 136 AND
2 1 3 4 137 AND
2 1 136 137 138 AND
2 1 5 6 139 AND
2 1 7 139 140 AND
2 1 138 140 141 AND
2 1 8 62 142 AND
2 1 64 142 143 AND
2 1 141 143 144 AND
2 1 66 144 145 AND
2 1 69 71 146 AND
2 1 145 146 147 AND
2 1 72 147 148 AND
2 1 76 78 149 AND
2 1 148 149 150 AND
2 1 80 150 151 AND
2 1 82 151 152 AND
2 1 83 87 153 AND
2 1 152 153 154 AND
2 1 90 92 155 AND
2 1 154 155 156 AND
2 1 93 156 157 AND
2 1 95 100 158 AND
2 1 157 158 159 AND
2 1 9 102 160 AND
2 1 103 160 161 AND
2 1 159 161 162 AND
2 1 134 162 163 AND
2 1 135 163 164 AND
2 1 39 40 165 AND
2 1 41 165 166 AND
2 1 42 43 168 AND
2 1 166 168 169 AND
2 1 44 45 171 AND
2 1 169 171 172 AND
2 1 46 172 173 AND
2 1 47 173 174 AND
2 1 48 174 175 AND
2 1 49 50 177 AND
2 1 175 177 178 AND
2 1 51 52 180 AND
2 1 178 180 181 AND
2 1 53 54 183 AND
2 1 55 183 185 AND
2 1 181 185 186 AND
2 1 56 186 187 AND
2 1 57 187 188 AND
2 1 58 59 189 AND
2 1 188 189 190 AND
2 1 0 190 191 AND
2 1 187 57 211 XOR
2 1 30 39 213 AND
2 1 59 213 214 AND
2 1 58 214 215 AND
2 1 211 215 216 AND
2 1 186 56 210 XOR
2 1 53 181 182 AND
2 1 182 54 208 XOR
2 1 181 183 184 AND
2 1 184 55 209 XOR
2 1 208 209 217 AND
2 1 210 217 218 AND
2 1 216 218 219 AND
2 1 181 53 207 XOR
2 1 178 51 205 XOR
2 1 51 178 179 AND
2 1 179 52 206 XOR
2 1 205 206 220 AND
2 1 207 220 221 AND
2 1 219 221 222 AND
2 1 175 49 203 XOR
2 1 49 175 176 AND
2 1 176 50 204 XOR
2 1 203 204 223 AND
2 1 222 223 224 AND
2 1 173 47 201 XOR
2 1 174 48 202 XOR
2 1 201 202 225 AND
2 1 224 225 226 AND
2 1 172 46 200 XOR
2 1 169 44 198 XOR
2 1 44 169 170 AND
2 1 170 45 199 XOR
2 1 198 199 227 AND
2 1 200 227 228 AND
2 1 226 228 229 AND
2 1 42 166 167 AND
2 1 167 43 197 XOR
2 1 165 41 195 XOR
2 1 166 42 196 XOR
2 1 195 196 230 AND
2 1 197 230 231 AND
2 1 229 231 232 AND
2 1 40 39 194 XOR
2 1 37 38 233 AND
2 1 194 233 234 AND
2 1 232 234 235 AND
2 1 34 35 236 AND
2 1 36 236 237 AND
2 1 235 237 238 AND
2 1 31 32 239 AND
2 1 33 239 240 AND
2 1 238 240 241 AND
2 1 0 30 192 AND
2 1 190 192 193 AND
2 1 31 32 242 AND
2 1 33 34 243 AND
2 1 242 243 244 AND
2 1 35 36 245 AND
2 1 37 245 246 AND
2 1 244 246 247 AND
2 1 38 194 248 AND
2 1 195 248 249 AND
2 1 247 249 250 AND
2 1 196 250 251 AND
2 1 197 198 252 AND
2 1 251 252 253 AND
2 1 199 253 254 AND
2 1 200 201 255 AND
2 1 254 255 256 AND
2 1 202 256 257 AND
2 1 203 257 258 AND
2 1 204 205 259 AND
2 1 258 259 260 AND
2 1 206 207 261 AND
2 1 260 261 262 AND
2 1 208 209 263 AND
2 1 262 263 264 AND
2 1 210 211 265 AND
2 1 264 265 266 AND
2 1 188 58 212 XOR
2 1 39 212 267 AND
2 1 266 267 268 AND
2 1 190 268 269 AND
2 1 193 269 270 AND
2 1 241 270 271 AND
2 1 191 271 272 AND
2 1 135 272 273 AND
2 1 163 273 274 AND
2 1 0 30 275 AND
2 1 190 275 276 AND
2 1 269 276 277 AND
2 1 164 277 278 AND