2 1 2 1 2716 XOR
2 1 0 2716 2718 AND
2 1 1 2 25 AND
2 1 0 3 27 AND
2 1 25 27 28 AND
2 1 4 5 31 AND
2 1 6 31 32 AND
2 1 28 32 33 AND
2 1 7 8 36 AND
2 1 9 36 37 AND
2 1 33 37 38 AND
2 1 10 11 41 AND
2 1 12 41 42 AND
2 1 38 42 43 AND
2 1 13 14 46 AND
2 1 15 46 47 AND
2 1 43 47 48 AND
2 1 16 17 49 AND
2 1 18 49 51 AND
2 1 48 51 52 AND
2 1 19 20 54 AND
2 1 52 54 55 AND
2 1 22 55 56 AND
2 1 56 21 57 XOR
2 1 22 20 60 XOR
2 1 19 22 58 AND
2 1 52 58 59 AND
2 1 60 59 61 XOR
2 1 13 43 44 AND
2 1 14 44 45 AND
2 1 22 45 63 AND
2 1 63 15 64 XOR
2 1 61 64 103 AND
2 1 57 103 117 AND
2 1 22 17 77 XOR
2 1 16 22 75 AND
2 1 48 75 76 AND
2 1 77 76 78 XOR
2 1 22 48 62 AND
2 1 62 16 79 XOR
2 1 78 79 122 AND
2 1 22 52 67 AND
2 1 67 19 68 XOR
2 1 48 49 50 AND
2 1 22 50 69 AND
2 1 69 18 70 XOR
2 1 68 70 157 AND
2 1 122 157 174 AND
2 1 117 174 224 AND
2 1 78 79 80 AND
2 1 68 70 92 AND
2 1 80 92 113 AND
2 1 19 52 53 AND
2 1 21 22 109 AND
2 1 53 109 110 AND
2 1 22 21 85 XOR
2 1 20 85 108 AND
2 1 110 108 111 XOR
2 1 64 111 115 AND
2 1 113 115 137 AND
2 1 92 122 138 AND
2 1 115 138 139 AND
2 1 137 139 140 AND
2 1 50 58 73 AND
2 1 22 19 71 XOR
2 1 18 71 72 AND
2 1 73 72 74 XOR
2 1 78 79 83 AND
2 1 74 83 84 AND
2 1 57 103 104 AND
2 1 84 104 173 AND
2 1 115 174 175 AND
2 1 173 175 176 AND
2 1 140 176 393 AND
2 1 78 79 105 AND
2 1 74 105 130 AND
2 1 104 130 212 AND
2 1 64 111 112 AND
2 1 112 113 114 AND
2 1 112 174 206 AND
2 1 114 206 394 AND
2 1 212 394 395 AND
2 1 393 395 396 AND
2 1 61 64 65 AND
2 1 57 65 160 AND
2 1 84 160 205 AND
2 1 130 160 392 AND
2 1 205 392 397 AND
2 1 396 397 398 AND
2 1 19 22 97 AND
2 1 50 97 98 AND
2 1 18 71 96 AND
2 1 98 96 99 XOR
2 1 99 122 123 AND
2 1 115 123 125 AND
2 1 83 99 100 AND
2 1 100 115 383 AND
2 1 125 383 384 AND
2 1 80 99 118 AND
2 1 112 118 207 AND
2 1 92 105 106 AND
2 1 106 160 274 AND
2 1 207 274 385 AND
2 1 384 385 386 AND
2 1 112 123 124 AND
2 1 83 92 93 AND
2 1 57 61 102 AND
2 1 93 102 381 AND
2 1 124 381 382 AND
2 1 104 106 107 AND
2 1 100 112 380 AND
2 1 107 380 387 AND
2 1 382 387 388 AND
2 1 386 388 389 AND
2 1 105 157 180 AND
2 1 115 180 209 AND
2 1 74 122 182 AND
2 1 104 182 242 AND
2 1 83 157 158 AND
2 1 115 158 390 AND
2 1 242 390 391 AND
2 1 209 391 399 AND
2 1 389 399 400 AND
2 1 398 400 401 AND
2 1 112 130 163 AND
2 1 74 80 81 AND
2 1 81 115 116 AND
2 1 115 130 131 AND
2 1 116 131 402 AND
2 1 163 402 403 AND
2 1 401 403 404 AND
2 1 106 112 121 AND
2 1 112 158 201 AND
2 1 121 201 405 AND
2 1 404 405 406 AND
2 1 21 22 87 AND
2 1 53 87 88 AND
2 1 20 85 86 AND
2 1 88 86 89 XOR
2 1 64 89 95 AND
2 1 95 158 159 AND
2 1 100 104 178 AND
2 1 99 105 134 AND
2 1 104 134 204 AND
2 1 178 204 451 AND
2 1 159 451 452 AND
2 1 81 117 222 AND
2 1 64 89 90 AND
2 1 90 158 331 AND
2 1 222 331 450 AND
2 1 84 117 317 AND
2 1 117 130 453 AND
2 1 317 453 454 AND
2 1 450 454 455 AND
2 1 452 455 456 AND
2 1 100 160 164 AND
2 1 134 160 304 AND
2 1 164 304 449 AND
2 1 57 65 66 AND
2 1 66 81 82 AND
2 1 66 182 342 AND
2 1 82 342 457 AND
2 1 449 457 458 AND
2 1 456 458 459 AND
2 1 117 182 447 AND
2 1 66 130 448 AND
2 1 447 448 460 AND
2 1 459 460 461 AND
2 1 66 158 299 AND
2 1 104 180 434 AND
2 1 66 174 552 AND
2 1 434 552 756 AND
2 1 299 756 2719 AND
2 1 461 2719 2720 AND
2 1 90 130 153 AND
2 1 104 158 421 AND
2 1 153 421 839 AND
2 1 160 180 241 AND
2 1 95 138 422 AND
2 1 241 422 1967 AND
2 1 839 1967 1968 AND
2 1 80 157 192 AND
2 1 117 192 225 AND
2 1 84 90 91 AND
2 1 90 134 135 AND
2 1 91 135 1969 AND
2 1 225 1969 1970 AND
2 1 1968 1970 1971 AND
2 1 90 118 482 AND
2 1 90 123 332 AND
2 1 95 134 336 AND
2 1 332 336 483 AND
2 1 482 483 484 AND
2 1 117 180 684 AND
2 1 158 160 200 AND
2 1 117 158 320 AND
2 1 200 320 2054 AND
2 1 684 2054 2055 AND
2 1 484 2055 2056 AND
2 1 1971 2056 2721 AND
2 1 2720 2721 2722 AND
2 1 406 2722 2723 AND
2 1 66 192 516 AND
2 1 66 100 562 AND
2 1 516 562 2138 AND
2 1 95 123 480 AND
2 1 90 138 177 AND
2 1 95 118 277 AND
2 1 177 277 911 AND
2 1 480 911 2724 AND
2 1 2138 2724 2725 AND
2 1 2723 2725 2726 AND
2 1 84 95 272 AND
2 1 95 182 199 AND
2 1 66 180 245 AND
2 1 199 245 2727 AND
2 1 272 2727 2728 AND
2 1 2726 2728 2729 AND
2 1 224 2729 2730 AND
2 1 104 174 335 AND
2 1 335 336 337 AND
2 1 90 192 333 AND
2 1 90 100 334 AND
2 1 333 334 338 AND
2 1 337 338 339 AND
2 1 331 332 340 AND
2 1 339 340 341 AND
2 1 66 113 343 AND
2 1 114 343 344 AND
2 1 160 192 345 AND
2 1 342 345 346 AND
2 1 344 346 347 AND
2 1 100 117 202 AND
2 1 82 202 348 AND
2 1 347 348 349 AND
2 1 341 349 350 AND
2 1 66 93 326 AND
2 1 104 113 179 AND
2 1 81 160 213 AND
2 1 179 213 327 AND
2 1 326 327 328 AND
2 1 90 113 203 AND
2 1 203 204 329 AND
2 1 328 329 330 AND
2 1 81 104 120 AND
2 1 138 160 161 AND
2 1 120 161 351 AND
2 1 330 351 352 AND
2 1 350 352 353 AND
2 1 81 95 133 AND
2 1 106 117 210 AND
2 1 133 210 354 AND
2 1 353 354 355 AND
2 1 117 123 141 AND
2 1 81 112 142 AND
2 1 141 142 143 AND
2 1 113 160 325 AND
2 1 143 325 356 AND
2 1 355 356 357 AND
2 1 90 182 322 AND
2 1 118 160 323 AND
2 1 322 323 324 AND
2 1 93 160 244 AND
2 1 244 245 246 AND
2 1 137 320 321 AND
2 1 246 321 358 AND
2 1 324 358 359 AND
2 1 357 359 360 AND
2 1 160 174 318 AND
2 1 317 318 319 AND
2 1 115 192 303 AND
2 1 303 304 305 AND
2 1 242 305 306 AND
2 1 123 160 302 AND
2 1 66 138 155 AND
2 1 66 134 301 AND
2 1 155 301 307 AND
2 1 302 307 308 AND
2 1 306 308 309 AND
2 1 90 180 310 AND
2 1 93 115 312 AND
2 1 175 312 313 AND
2 1 84 112 162 AND
2 1 93 104 311 AND
2 1 162 311 314 AND
2 1 313 314 315 AND
2 1 310 315 316 AND
2 1 309 316 361 AND
2 1 319 361 362 AND
2 1 360 362 363 AND
2 1 107 299 300 AND
2 1 117 138 271 AND
2 1 84 115 165 AND
2 1 164 165 166 AND
2 1 91 277 278 AND
2 1 166 278 279 AND
2 1 117 134 198 AND
2 1 104 192 275 AND
2 1 198 275 276 AND
2 1 124 274 280 AND
2 1 276 280 281 AND
2 1 279 281 282 AND
2 1 93 95 273 AND
2 1 178 272 283 AND
2 1 273 283 284 AND
2 1 282 284 285 AND
2 1 271 285 286 AND
2 1 104 118 194 AND
2 1 112 192 292 AND
2 1 116 292 293 AND
2 1 194 293 294 AND
2 1 112 134 208 AND
2 1 104 123 288 AND
2 1 208 288 289 AND
2 1 90 93 94 AND
2 1 90 174 290 AND
2 1 94 290 291 AND
2 1 289 291 295 AND
2 1 294 295 296 AND
2 1 160 182 287 AND
2 1 199 287 297 AND
2 1 296 297 298 AND
2 1 286 298 364 AND
2 1 300 364 365 AND
2 1 363 365 366 AND
2 1 115 134 195 AND
2 1 121 195 367 AND
2 1 366 367 368 AND
2 1 22 44 497 AND
2 1 497 14 498 XOR
2 1 81 90 129 AND
2 1 241 318 430 AND
2 1 95 113 211 AND
2 1 199 211 431 AND
2 1 430 431 432 AND
2 1 129 432 433 AND
2 1 275 434 435 AND
2 1 335 345 436 AND
2 1 324 436 437 AND
2 1 435 437 438 AND
2 1 433 438 439 AND
2 1 84 130 425 AND
2 1 95 425 426 AND
2 1 153 426 427 AND
2 1 89 138 423 AND
2 1 133 423 428 AND
2 1 427 428 429 AND
2 1 200 421 440 AND
2 1 429 440 441 AND
2 1 439 441 442 AND
2 1 91 442 443 AND
2 1 203 480 481 AND
2 1 273 277 485 AND
2 1 481 485 486 AND
2 1 484 486 487 AND
2 1 90 106 479 AND
2 1 95 106 156 AND
2 1 94 156 488 AND
2 1 479 488 489 AND
2 1 487 489 490 AND
2 1 449 451 491 AND
2 1 490 491 492 AND
2 1 443 492 493 AND
2 1 95 100 101 AND
2 1 101 310 472 AND
2 1 95 180 471 AND
2 1 333 471 473 AND
2 1 472 473 474 AND
2 1 290 474 475 AND
2 1 95 192 193 AND
2 1 95 174 221 AND
2 1 193 221 476 AND
2 1 334 476 477 AND
2 1 475 477 478 AND
2 1 135 478 494 AND
2 1 493 494 495 AND
2 1 113 117 445 AND
2 1 66 84 446 AND
2 1 155 271 462 AND
2 1 446 462 463 AND
2 1 461 463 464 AND
2 1 445 464 465 AND
2 1 93 117 444 AND
2 1 343 444 466 AND
2 1 443 466 467 AND
2 1 465 467 468 AND
2 1 66 106 420 AND
2 1 210 420 469 AND
2 1 468 469 470 AND
2 1 495 470 504 XOR
2 1 112 180 181 AND
2 1 142 181 407 AND
2 1 112 138 214 AND
2 1 165 214 408 AND
2 1 162 287 409 AND
2 1 408 409 410 AND
2 1 120 213 411 AND
2 1 410 411 412 AND
2 1 407 412 413 AND
2 1 104 138 154 AND
2 1 161 312 371 AND
2 1 194 302 372 AND
2 1 371 372 373 AND
2 1 106 115 126 AND
2 1 115 118 127 AND
2 1 126 127 128 AND
2 1 128 289 374 AND
2 1 373 374 375 AND
2 1 102 113 370 AND
2 1 93 112 215 AND
2 1 195 215 376 AND
2 1 370 376 377 AND
2 1 375 377 378 AND
2 1 154 378 379 AND
2 1 303 379 414 AND
2 1 413 414 415 AND
2 1 406 415 416 AND
2 1 112 182 369 AND
2 1 115 182 183 AND
2 1 183 292 417 AND
2 1 369 417 418 AND
2 1 416 418 419 AND
2 1 419 495 505 AND
2 1 504 505 506 AND
2 1 498 506 507 AND
2 1 470 495 496 AND
2 1 419 496 508 AND
2 1 498 504 510 AND
2 1 508 510 511 AND
2 1 507 511 512 AND
2 1 22 43 499 AND
2 1 499 13 500 XOR
2 1 419 500 513 AND
2 1 512 513 514 AND
2 1 117 118 119 AND
2 1 133 135 136 AND
2 1 140 143 144 AND
2 1 136 144 145 AND
2 1 129 131 132 AND
2 1 125 128 146 AND
2 1 132 146 147 AND
2 1 145 147 148 AND
2 1 120 121 149 AND
2 1 124 149 150 AND
2 1 148 150 151 AND
2 1 119 151 152 AND
2 1 215 334 550 AND
2 1 152 550 551 AND
2 1 173 552 553 AND
2 1 205 318 545 AND
2 1 95 130 424 AND
2 1 304 424 546 AND
2 1 545 546 547 AND
2 1 273 322 548 AND
2 1 331 548 549 AND
2 1 547 549 554 AND
2 1 553 554 555 AND
2 1 551 555 556 AND
2 1 162 163 167 AND
2 1 166 167 168 AND
2 1 156 159 169 AND
2 1 161 169 170 AND
2 1 168 170 171 AND
2 1 155 171 172 AND
2 1 221 447 524 AND
2 1 224 524 525 AND
2 1 214 369 526 AND
2 1 114 526 527 AND
2 1 525 527 528 AND
2 1 66 118 517 AND
2 1 225 517 518 AND
2 1 111 134 519 AND
2 1 342 519 520 AND
2 1 518 520 521 AND
2 1 102 130 522 AND
2 1 271 522 523 AND
2 1 521 523 529 AND
2 1 528 529 530 AND
2 1 172 530 531 AND
2 1 116 323 532 AND
2 1 516 532 533 AND
2 1 531 533 534 AND
2 1 154 207 535 AND
2 1 178 535 536 AND
2 1 199 312 537 AND
2 1 335 537 538 AND
2 1 536 538 539 AND
2 1 446 539 540 AND
2 1 101 183 541 AND
2 1 94 479 542 AND
2 1 541 542 543 AND
2 1 445 543 544 AND
2 1 540 544 557 AND
2 1 534 557 558 AND
2 1 556 558 559 AND
2 1 66 123 515 AND
2 1 330 515 560 AND
2 1 559 560 561 AND
2 1 292 380 572 AND
2 1 450 572 573 AND
2 1 214 304 574 AND
2 1 323 574 575 AND
2 1 573 575 576 AND
2 1 141 576 577 AND
2 1 140 407 578 AND
2 1 481 578 579 AND
2 1 175 383 580 AND
2 1 579 580 581 AND
2 1 577 581 582 AND
2 1 116 204 583 AND
2 1 332 583 584 AND
2 1 582 584 585 AND
2 1 301 585 586 AND
2 1 326 369 587 AND
2 1 586 587 588 AND
2 1 195 201 589 AND
2 1 124 156 590 AND
2 1 589 590 591 AND
2 1 209 312 570 AND
2 1 94 570 571 AND
2 1 319 571 592 AND
2 1 591 592 593 AND
2 1 588 593 594 AND
2 1 128 348 563 AND
2 1 121 159 564 AND
2 1 207 564 565 AND
2 1 563 565 566 AND
2 1 273 482 567 AND
2 1 517 567 568 AND
2 1 566 568 569 AND
2 1 178 421 595 AND
2 1 569 595 596 AND
2 1 594 596 597 AND
2 1 198 562 598 AND
2 1 597 598 599 AND
2 1 287 390 600 AND
2 1 163 479 601 AND
2 1 600 601 602 AND
2 1 162 183 603 AND
2 1 275 603 604 AND
2 1 602 604 605 AND
2 1 277 605 606 AND
2 1 114 303 610 AND
2 1 345 610 611 AND
2 1 241 242 243 AND
2 1 131 208 612 AND
2 1 243 612 613 AND
2 1 611 613 614 AND
2 1 119 447 615 AND
2 1 614 615 616 AND
2 1 206 434 617 AND
2 1 616 617 618 AND
2 1 125 215 608 AND
2 1 453 608 609 AND
2 1 200 448 607 AND
2 1 166 607 619 AND
2 1 609 619 620 AND
2 1 618 620 621 AND
2 1 606 621 622 AND
2 1 337 515 623 AND
2 1 622 623 624 AND
2 1 599 624 625 AND
2 1 342 625 626 AND
2 1 561 626 627 AND
2 1 470 627 628 AND
2 1 10 38 39 AND
2 1 22 39 629 AND
2 1 629 11 630 XOR
2 1 419 630 631 AND
2 1 628 631 632 AND
2 1 631 628 633 XOR
2 1 11 39 40 AND
2 1 22 40 634 AND
2 1 634 12 635 XOR
2 1 419 635 636 AND
2 1 633 636 637 AND
2 1 632 637 638 AND
2 1 513 512 639 XOR
2 1 638 639 640 AND
2 1 514 640 641 AND
2 1 500 498 501 XOR
2 1 501 496 502 XOR
2 1 419 502 503 AND
2 1 641 503 1892 XOR
2 1 639 638 675 XOR
2 1 504 508 645 AND
2 1 500 645 646 AND
2 1 500 506 647 AND
2 1 646 647 648 AND
2 1 419 504 642 AND
2 1 498 642 643 AND
2 1 504 508 509 AND
2 1 498 509 644 AND
2 1 643 644 649 AND
2 1 648 649 650 AND
2 1 626 561 651 XOR
2 1 470 626 652 AND
2 1 651 652 653 AND
2 1 498 653 654 AND
2 1 498 651 656 AND
2 1 628 656 657 AND
2 1 654 657 658 AND
2 1 631 658 659 AND
2 1 635 645 662 AND
2 1 506 635 663 AND
2 1 662 663 664 AND
2 1 500 642 660 AND
2 1 500 509 661 AND
2 1 660 661 665 AND
2 1 664 665 666 AND
2 1 658 631 667 XOR
2 1 666 667 668 AND
2 1 659 668 669 AND
2 1 650 669 670 AND
2 1 669 650 671 XOR
2 1 636 633 672 XOR
2 1 671 672 673 AND
2 1 670 673 674 AND
2 1 675 674 676 XOR
2 1 323 325 702 AND
2 1 608 702 703 AND
2 1 135 205 704 AND
2 1 703 704 705 AND
2 1 164 198 706 AND
2 1 202 706 707 AND
2 1 119 273 701 AND
2 1 199 448 708 AND
2 1 701 708 709 AND
2 1 707 709 710 AND
2 1 705 710 711 AND
2 1 129 175 712 AND
2 1 244 712 713 AND
2 1 711 713 714 AND
2 1 420 515 715 AND
2 1 714 715 716 AND
2 1 124 288 717 AND
2 1 290 422 718 AND
2 1 717 718 719 AND
2 1 155 447 720 AND
2 1 719 720 721 AND
2 1 201 380 722 AND
2 1 277 722 723 AND
2 1 241 275 724 AND
2 1 212 724 725 AND
2 1 723 725 726 AND
2 1 721 726 727 AND
2 1 716 727 728 AND
2 1 209 390 677 AND
2 1 206 334 678 AND
2 1 677 678 679 AND
2 1 153 343 680 AND
2 1 446 680 681 AND
2 1 679 681 682 AND
2 1 320 682 683 AND
2 1 312 471 688 AND
2 1 479 482 689 AND
2 1 688 689 690 AND
2 1 222 326 691 AND
2 1 690 691 692 AND
2 1 107 154 685 AND
2 1 203 684 686 AND
2 1 685 686 687 AND
2 1 452 687 693 AND
2 1 692 693 694 AND
2 1 126 272 695 AND
2 1 480 695 696 AND
2 1 694 696 697 AND
2 1 82 193 698 AND
2 1 225 698 699 AND
2 1 697 699 700 AND
2 1 683 700 729 AND
2 1 728 729 730 AND
2 1 383 411 731 AND
2 1 730 731 732 AND
2 1 224 732 733 AND
2 1 276 756 757 AND
2 1 245 343 758 AND
2 1 136 758 759 AND
2 1 757 759 760 AND
2 1 193 272 761 AND
2 1 760 761 762 AND
2 1 107 162 754 AND
2 1 131 311 755 AND
2 1 754 755 763 AND
2 1 762 763 764 AND
2 1 588 764 765 AND
2 1 212 274 753 AND
2 1 153 213 734 AND
2 1 224 453 735 AND
2 1 734 735 736 AND
2 1 91 163 740 AND
2 1 446 740 741 AND
2 1 121 165 742 AND
2 1 199 742 743 AND
2 1 741 743 744 AND
2 1 156 173 737 AND
2 1 210 322 738 AND
2 1 737 738 739 AND
2 1 611 739 745 AND
2 1 744 745 746 AND
2 1 206 325 747 AND
2 1 392 747 748 AND
2 1 746 748 749 AND
2 1 82 120 750 AND
2 1 290 750 751 AND
2 1 749 751 752 AND
2 1 736 752 766 AND
2 1 753 766 767 AND
2 1 765 767 768 AND
2 1 159 333 769 AND
2 1 541 769 770 AND
2 1 768 770 771 AND
2 1 271 684 772 AND
2 1 771 772 773 AND
2 1 733 773 774 AND
2 1 561 774 775 AND
2 1 7 33 34 AND
2 1 8 34 35 AND
2 1 22 35 776 AND
2 1 776 9 777 XOR
2 1 419 777 778 AND
2 1 775 778 779 AND
2 1 778 775 780 XOR
2 1 22 38 781 AND
2 1 781 10 782 XOR
2 1 419 782 783 AND
2 1 780 783 784 AND
2 1 779 784 785 AND
2 1 628 651 789 AND
2 1 500 789 790 AND
2 1 500 653 791 AND
2 1 790 791 792 AND
2 1 470 651 786 AND
2 1 498 786 787 AND
2 1 628 651 655 AND
2 1 498 655 788 AND
2 1 787 788 793 AND
2 1 792 793 794 AND
2 1 630 645 797 AND
2 1 506 630 798 AND
2 1 797 798 799 AND
2 1 635 642 795 AND
2 1 509 635 796 AND
2 1 795 796 800 AND
2 1 799 800 801 AND
2 1 794 801 802 AND
2 1 773 733 803 XOR
2 1 561 773 804 AND
2 1 803 804 805 AND
2 1 498 805 806 AND
2 1 498 803 808 AND
2 1 775 808 809 AND
2 1 806 809 810 AND
2 1 778 810 811 AND
2 1 635 789 814 AND
2 1 635 653 815 AND
2 1 814 815 816 AND
2 1 500 786 812 AND
2 1 500 655 813 AND
2 1 812 813 817 AND
2 1 816 817 818 AND
2 1 810 778 819 XOR
2 1 818 819 820 AND
2 1 811 820 821 AND
2 1 801 794 822 XOR
2 1 821 822 823 AND
2 1 802 823 824 AND
2 1 785 824 825 AND
2 1 824 785 826 XOR
2 1 667 666 827 XOR
2 1 826 827 828 AND
2 1 825 828 829 AND
2 1 672 671 830 XOR
2 1 829 830 831 AND
2 1 827 826 992 XOR
2 1 645 782 834 AND
2 1 506 782 835 AND
2 1 834 835 836 AND
2 1 630 642 832 AND
2 1 509 630 833 AND
2 1 832 833 837 AND
2 1 836 837 838 AND
2 1 132 839 840 AND
2 1 225 271 841 AND
2 1 515 841 842 AND
2 1 840 842 843 AND
2 1 161 446 844 AND
2 1 209 325 845 AND
2 1 844 845 846 AND
2 1 278 320 848 AND
2 1 846 848 849 AND
2 1 843 849 850 AND
2 1 298 850 851 AND
2 1 139 173 852 AND
2 1 183 852 853 AND
2 1 851 853 854 AND
2 1 141 471 855 AND
2 1 480 855 856 AND
2 1 854 856 857 AND
2 1 114 203 861 AND
2 1 382 861 862 AND
2 1 342 552 863 AND
2 1 862 863 864 AND
2 1 126 302 865 AND
2 1 601 865 866 AND
2 1 525 866 867 AND
2 1 864 867 868 AND
2 1 345 444 858 AND
2 1 322 420 859 AND
2 1 858 859 860 AND
2 1 206 274 869 AND
2 1 860 869 870 AND
2 1 868 870 871 AND
2 1 135 871 872 AND
2 1 164 201 873 AND
2 1 179 205 874 AND
2 1 873 874 875 AND
2 1 120 317 876 AND
2 1 684 876 877 AND
2 1 875 877 878 AND
2 1 81 100 881 AND
2 1 112 881 882 AND
2 1 326 882 883 AND
2 1 472 883 884 AND
2 1 536 884 885 AND
2 1 177 369 879 AND
2 1 222 879 880 AND
2 1 300 880 886 AND
2 1 885 886 887 AND
2 1 878 887 888 AND
2 1 275 888 889 AND
2 1 872 889 890 AND
2 1 857 890 891 AND
2 1 242 245 892 AND
2 1 516 892 893 AND
2 1 891 893 894 AND
2 1 209 383 915 AND
2 1 215 369 916 AND
2 1 915 916 917 AND
2 1 392 917 918 AND
2 1 116 165 919 AND
2 1 183 424 920 AND
2 1 919 920 921 AND
2 1 243 921 922 AND
2 1 918 922 923 AND
2 1 163 303 924 AND
2 1 860 924 925 AND
2 1 923 925 926 AND
2 1 159 207 927 AND
2 1 734 927 928 AND
2 1 926 928 929 AND
2 1 210 929 930 AND
2 1 162 312 931 AND
2 1 515 931 932 AND
2 1 930 932 933 AND
2 1 326 933 934 AND
2 1 161 911 912 AND
2 1 155 178 913 AND
2 1 912 913 914 AND
2 1 120 244 903 AND
2 1 343 903 904 AND
2 1 445 447 905 AND
2 1 131 302 906 AND
2 1 905 906 907 AND
2 1 904 907 908 AND
2 1 290 421 909 AND
2 1 908 909 910 AND
2 1 128 910 935 AND
2 1 914 935 936 AND
2 1 934 936 937 AND
2 1 156 335 895 AND
2 1 422 895 896 AND
2 1 142 205 897 AND
2 1 325 897 898 AND
2 1 896 898 899 AND
2 1 221 332 900 AND
2 1 334 900 901 AND
2 1 899 901 902 AND
2 1 274 577 938 AND
2 1 902 938 939 AND
2 1 937 939 940 AND
2 1 342 479 941 AND
2 1 940 941 942 AND
2 1 894 942 943 AND
2 1 733 943 944 AND
2 1 22 33 945 AND
2 1 945 7 946 XOR
2 1 419 946 947 AND
2 1 944 947 948 AND
2 1 947 944 949 XOR
2 1 22 34 950 AND
2 1 950 8 951 XOR
2 1 419 951 952 AND
2 1 949 952 953 AND
2 1 948 953 954 AND
2 1 838 954 955 AND
2 1 645 777 958 AND
2 1 506 777 959 AND
2 1 958 959 960 AND
2 1 642 782 956 AND
2 1 509 782 957 AND
2 1 956 957 961 AND
2 1 960 961 962 AND
2 1 630 789 974 AND
2 1 630 653 975 AND
2 1 974 975 976 AND
2 1 635 786 972 AND
2 1 635 655 973 AND
2 1 972 973 977 AND
2 1 976 977 978 AND
2 1 775 803 966 AND
2 1 500 966 967 AND
2 1 500 805 968 AND
2 1 967 968 969 AND
2 1 561 803 963 AND
2 1 498 963 964 AND
2 1 775 803 807 AND
2 1 498 807 965 AND
2 1 964 965 970 AND
2 1 969 970 971 AND
2 1 978 971 979 XOR
2 1 962 979 980 AND
2 1 971 978 981 AND
2 1 980 981 982 AND
2 1 954 838 983 XOR
2 1 982 983 984 AND
2 1 955 984 985 AND
2 1 783 780 986 XOR
2 1 985 986 987 AND
2 1 986 985 988 XOR
2 1 822 821 989 XOR
2 1 988 989 990 AND
2 1 987 990 991 AND
2 1 992 991 993 XOR
2 1 782 789 996 AND
2 1 653 782 997 AND
2 1 996 997 998 AND
2 1 630 786 994 AND
2 1 630 655 995 AND
2 1 994 995 999 AND
2 1 998 999 1000 AND
2 1 645 951 1003 AND
2 1 506 951 1004 AND
2 1 1003 1004 1005 AND
2 1 642 777 1001 AND
2 1 509 777 1002 AND
2 1 1001 1002 1006 AND
2 1 1005 1006 1007 AND
2 1 1000 1007 1008 AND
2 1 323 471 1009 AND
2 1 310 1009 1010 AND
2 1 213 421 1011 AND
2 1 516 1011 1012 AND
2 1 162 318 1013 AND
2 1 448 479 1014 AND
2 1 1013 1014 1015 AND
2 1 1012 1015 1016 AND
2 1 1010 1016 1017 AND
2 1 136 183 1018 AND
2 1 918 1018 1019 AND
2 1 1017 1019 1020 AND
2 1 199 302 1021 AND
2 1 445 1021 1022 AND
2 1 1020 1022 1023 AND
2 1 163 444 1028 AND
2 1 436 1028 1029 AND
2 1 201 205 1030 AND
2 1 480 1030 1031 AND
2 1 1029 1031 1032 AND
2 1 320 333 1033 AND
2 1 1032 1033 1034 AND
2 1 210 562 1035 AND
2 1 127 311 1036 AND
2 1 1035 1036 1037 AND
2 1 572 1037 1038 AND
2 1 300 521 1039 AND
2 1 1038 1039 1040 AND
2 1 1034 1040 1041 AND
2 1 101 370 1024 AND
2 1 222 1024 1025 AND
2 1 211 423 1026 AND
2 1 1025 1026 1027 AND
2 1 271 1027 1042 AND
2 1 285 1042 1043 AND
2 1 1041 1043 1044 AND
2 1 1023 1044 1045 AND
2 1 120 175 1046 AND
2 1 193 1046 1047 AND
2 1 1045 1047 1048 AND
2 1 153 515 1049 AND
2 1 1048 1049 1050 AND
2 1 4 28 29 AND
2 1 5 29 30 AND
2 1 22 30 1101 AND
2 1 1101 6 1102 XOR
2 1 419 1102 1103 AND
2 1 1050 1103 1104 AND
2 1 289 883 1055 AND
2 1 609 1055 1056 AND
2 1 1027 1056 1057 AND
2 1 435 1035 1051 AND
2 1 207 369 1052 AND
2 1 754 1052 1053 AND
2 1 1051 1053 1054 AND
2 1 116 183 1058 AND
2 1 1054 1058 1059 AND
2 1 1057 1059 1060 AND
2 1 137 156 1061 AND
2 1 200 1061 1062 AND
2 1 1060 1062 1063 AND
2 1 290 301 1064 AND
2 1 1063 1064 1065 AND
2 1 600 844 1066 AND
2 1 181 201 1067 AND
2 1 323 1067 1068 AND
2 1 1066 1068 1069 AND
2 1 274 515 1070 AND
2 1 684 1070 1071 AND
2 1 1069 1071 1072 AND
2 1 299 523 1073 AND
2 1 904 1073 1074 AND
2 1 154 451 1075 AND
2 1 1074 1075 1076 AND
2 1 1072 1076 1077 AND
2 1 245 311 1078 AND
2 1 320 1078 1079 AND
2 1 1077 1079 1080 AND
2 1 141 202 1081 AND
2 1 100 134 1083 AND
2 1 115 1083 1084 AND
2 1 81 84 1085 AND
2 1 90 1085 1086 AND
2 1 1084 1086 1087 AND
2 1 708 1087 1088 AND
2 1 427 481 1089 AND
2 1 1088 1089 1090 AND
2 1 341 1090 1091 AND
2 1 128 1091 1092 AND
2 1 1081 1092 1093 AND
2 1 1080 1093 1094 AND
2 1 1065 1094 1095 AND
2 1 139 206 1096 AND
2 1 310 1096 1097 AND
2 1 1095 1097 1098 AND
2 1 1050 1098 1099 AND
2 1 894 1099 1100 AND
2 1 1050 1103 1105 AND
2 1 1100 1105 1106 AND
2 1 1104 1106 1107 AND
2 1 1007 1000 1108 XOR
2 1 1107 1108 1109 AND
2 1 1008 1109 1110 AND
2 1 942 894 1111 XOR
2 1 498 1111 1116 AND
2 1 944 1116 1117 AND
2 1 894 942 1112 AND
2 1 733 1112 1113 AND
2 1 1113 1116 1118 AND
2 1 1117 1118 1119 AND
2 1 947 1119 1120 AND
2 1 635 966 1123 AND
2 1 635 805 1124 AND
2 1 1123 1124 1125 AND
2 1 500 963 1121 AND
2 1 500 807 1122 AND
2 1 1121 1122 1126 AND
2 1 1125 1126 1127 AND
2 1 1119 947 1128 XOR
2 1 1127 1128 1129 AND
2 1 1120 1129 1130 AND
2 1 1110 1130 1131 AND
2 1 1130 1110 1132 XOR
2 1 952 949 1133 XOR
2 1 1132 1133 1134 AND
2 1 1131 1134 1135 AND
2 1 819 818 1136 XOR
2 1 1135 1136 1137 AND
2 1 983 982 1138 XOR
2 1 1136 1135 1139 XOR
2 1 1138 1139 1140 AND
2 1 1137 1140 1141 AND
2 1 989 988 1142 XOR
2 1 1141 1142 1143 AND
2 1 1139 1138 1144 XOR
2 1 944 1111 1148 AND
2 1 500 1148 1149 AND
2 1 1111 1113 1114 AND
2 1 500 1114 1150 AND
2 1 1149 1150 1151 AND
2 1 733 1111 1145 AND
2 1 498 1145 1146 AND
2 1 944 1111 1115 AND
2 1 498 1115 1147 AND
2 1 1146 1147 1152 AND
2 1 1151 1152 1153 AND
2 1 645 946 1163 AND
2 1 506 946 1164 AND
2 1 1163 1164 1165 AND
2 1 642 951 1161 AND
2 1 509 951 1162 AND
2 1 1161 1162 1166 AND
2 1 1165 1166 1167 AND
2 1 777 789 1156 AND
2 1 653 777 1157 AND
2 1 1156 1157 1158 AND
2 1 782 786 1154 AND
2 1 655 782 1155 AND
2 1 1154 1155 1159 AND
2 1 1158 1159 1160 AND
2 1 1167 1160 1168 XOR
2 1 1153 1168 1169 AND
2 1 1160 1167 1170 AND
2 1 1169 1170 1171 AND
2 1 1128 1127 1172 XOR
2 1 1171 1172 1173 AND
2 1 1172 1171 1174 XOR
2 1 1108 1107 1175 XOR
2 1 1174 1175 1176 AND
2 1 1173 1176 1177 AND
2 1 979 962 1178 XOR
2 1 1177 1178 1179 AND
2 1 1178 1177 1180 XOR
2 1 1133 1132 1181 XOR
2 1 1180 1181 1182 AND
2 1 1179 1182 1183 AND
2 1 1144 1183 1184 AND
2 1 1183 1144 1185 XOR
2 1 630 966 1188 AND
2 1 630 805 1189 AND
2 1 1188 1189 1190 AND
2 1 635 963 1186 AND
2 1 635 807 1187 AND
2 1 1186 1187 1191 AND
2 1 1190 1191 1192 AND
2 1 1103 1050 1193 XOR
2 1 1193 1100 1194 XOR
2 1 1192 1194 1195 AND
2 1 22 29 259 AND
2 1 259 5 260 XOR
2 1 260 419 1196 AND
2 1 1050 1196 1197 AND
2 1 894 1098 1198 AND
2 1 1098 1050 1199 XOR
2 1 1198 1199 1200 AND
2 1 498 1200 1201 AND
2 1 894 1199 1202 AND
2 1 498 1100 1203 AND
2 1 1202 1203 1204 AND
2 1 1201 1204 1205 AND
2 1 1196 1050 1206 XOR
2 1 1205 1206 1207 AND
2 1 1197 1207 1208 AND
2 1 1194 1192 1209 XOR
2 1 1208 1209 1210 AND
2 1 1195 1210 1211 AND
2 1 635 1148 1214 AND
2 1 635 1114 1215 AND
2 1 1214 1215 1216 AND
2 1 500 1145 1212 AND
2 1 500 1115 1213 AND
2 1 1212 1213 1217 AND
2 1 1216 1217 1218 AND
2 1 782 966 1221 AND
2 1 782 805 1222 AND
2 1 1221 1222 1223 AND
2 1 630 963 1219 AND
2 1 630 807 1220 AND
2 1 1219 1220 1224 AND
2 1 1223 1224 1225 AND
2 1 1218 1225 1226 AND
2 1 789 951 1229 AND
2 1 653 951 1230 AND
2 1 1229 1230 1231 AND
2 1 777 786 1227 AND
2 1 655 777 1228 AND
2 1 1227 1228 1232 AND
2 1 1231 1232 1233 AND
2 1 1225 1218 1234 XOR
2 1 1233 1234 1235 AND
2 1 1226 1235 1236 AND
2 1 1168 1153 1237 XOR
2 1 1236 1237 1238 AND
2 1 645 1102 1241 AND
2 1 506 1102 1242 AND
2 1 1241 1242 1243 AND
2 1 642 946 1239 AND
2 1 509 946 1240 AND
2 1 1239 1240 1244 AND
2 1 1243 1244 1245 AND
2 1 22 28 261 AND
2 1 261 4 262 XOR
2 1 262 419 1246 AND
2 1 1050 1246 1247 AND
2 1 894 1098 1251 AND
2 1 1199 1251 1252 AND
2 1 500 1252 1253 AND
2 1 500 1200 1254 AND
2 1 1253 1254 1255 AND
2 1 894 1199 1248 AND
2 1 498 1248 1249 AND
2 1 498 1202 1250 AND
2 1 1249 1250 1256 AND
2 1 1255 1256 1257 AND
2 1 1246 1050 1258 XOR
2 1 1257 1258 1259 AND
2 1 1247 1259 1260 AND
2 1 1245 1260 1261 AND
2 1 1260 1245 1262 XOR
2 1 777 966 1265 AND
2 1 777 805 1266 AND
2 1 1265 1266 1267 AND
2 1 782 963 1263 AND
2 1 782 807 1264 AND
2 1 1263 1264 1268 AND
2 1 1267 1268 1269 AND
2 1 630 1148 1272 AND
2 1 630 1114 1273 AND
2 1 1272 1273 1274 AND
2 1 635 1145 1270 AND
2 1 635 1115 1271 AND
2 1 1270 1271 1275 AND
2 1 1274 1275 1276 AND
2 1 1269 1276 1277 AND
2 1 789 946 1280 AND
2 1 653 946 1281 AND
2 1 1280 1281 1282 AND
2 1 786 951 1278 AND
2 1 655 951 1279 AND
2 1 1278 1279 1283 AND
2 1 1282 1283 1284 AND
2 1 1276 1269 1285 XOR
2 1 1284 1285 1286 AND
2 1 1277 1286 1287 AND
2 1 1262 1287 1288 AND
2 1 1261 1288 1289 AND
2 1 1237 1236 1290 XOR
2 1 1289 1290 1291 AND
2 1 1238 1291 1292 AND
2 1 1211 1292 1293 AND
2 1 1292 1211 1294 XOR
2 1 1175 1174 1295 XOR
2 1 1294 1295 1296 AND
2 1 1293 1296 1297 AND
2 1 1181 1180 1298 XOR
2 1 1297 1298 1299 AND
2 1 1295 1294 1300 XOR
2 1 1206 1205 1301 XOR
2 1 1234 1233 1302 XOR
2 1 1301 1302 1303 AND
2 1 1302 1301 1304 XOR
2 1 260 645 1307 AND
2 1 260 506 1308 AND
2 1 1307 1308 1309 AND
2 1 642 1102 1305 AND
2 1 509 1102 1306 AND
2 1 1305 1306 1310 AND
2 1 1309 1310 1311 AND
2 1 0 25 26 AND
2 1 22 26 264 AND
2 1 264 3 265 XOR
2 1 265 419 1312 AND
2 1 407 547 1323 AND
2 1 207 325 1321 AND
2 1 290 1321 1322 AND
2 1 607 903 1324 AND
2 1 1322 1324 1325 AND
2 1 1323 1325 1326 AND
2 1 201 312 1327 AND
2 1 392 1327 1328 AND
2 1 1326 1328 1329 AND
2 1 221 342 1330 AND
2 1 299 335 1332 AND
2 1 159 421 1333 AND
2 1 1332 1333 1334 AND
2 1 203 331 1335 AND
2 1 479 1335 1336 AND
2 1 1334 1336 1337 AND
2 1 141 317 1338 AND
2 1 348 1338 1340 AND
2 1 1337 1340 1341 AND
2 1 1330 1341 1342 AND
2 1 1329 1342 1343 AND
2 1 161 208 1313 AND
2 1 756 1313 1314 AND
2 1 107 199 1315 AND
2 1 275 1315 1316 AND
2 1 1314 1316 1317 AND
2 1 322 515 1318 AND
2 1 516 1318 1319 AND
2 1 1317 1319 1320 AND
2 1 165 396 1344 AND
2 1 1320 1344 1345 AND
2 1 1343 1345 1346 AND
2 1 101 195 1347 AND
2 1 336 1347 1348 AND
2 1 1346 1348 1349 AND
2 1 198 245 1350 AND
2 1 562 1350 1351 AND
2 1 1349 1351 1352 AND
2 1 498 1352 1353 AND
2 1 1050 1353 1354 AND
2 1 1312 1354 1355 AND
2 1 635 1252 1358 AND
2 1 635 1200 1359 AND
2 1 1358 1359 1360 AND
2 1 500 1248 1356 AND
2 1 500 1202 1357 AND
2 1 1356 1357 1361 AND
2 1 1360 1361 1362 AND
2 1 1354 1312 1363 XOR
2 1 1362 1363 1364 AND
2 1 1355 1364 1365 AND
2 1 1311 1365 1366 AND
2 1 1365 1311 1367 XOR
2 1 951 966 1370 AND
2 1 805 951 1371 AND
2 1 1370 1371 1372 AND
2 1 777 963 1368 AND
2 1 777 807 1369 AND
2 1 1368 1369 1373 AND
2 1 1372 1373 1374 AND
2 1 782 1148 1377 AND
2 1 782 1114 1378 AND
2 1 1377 1378 1379 AND
2 1 630 1145 1375 AND
2 1 630 1115 1376 AND
2 1 1375 1376 1380 AND
2 1 1379 1380 1381 AND
2 1 1374 1381 1382 AND
2 1 789 1102 1385 AND
2 1 653 1102 1386 AND
2 1 1385 1386 1387 AND
2 1 786 946 1383 AND
2 1 655 946 1384 AND
2 1 1383 1384 1388 AND
2 1 1387 1388 1389 AND
2 1 1381 1374 1390 XOR
2 1 1389 1390 1391 AND
2 1 1382 1391 1392 AND
2 1 1367 1392 1393 AND
2 1 1366 1393 1394 AND
2 1 1304 1394 1395 AND
2 1 1303 1395 1396 AND
2 1 1209 1208 1397 XOR
2 1 1396 1397 1398 AND
2 1 1397 1396 1399 XOR
2 1 1290 1289 1400 XOR
2 1 1399 1400 1401 AND
2 1 1398 1401 1402 AND
2 1 1300 1402 1403 AND
2 1 1402 1300 1404 XOR
2 1 1258 1257 1448 XOR
2 1 500 1352 1405 AND
2 1 498 1352 1406 AND
2 1 1406 1050 1407 XOR
2 1 1405 1407 1408 AND
2 1 265 642 1409 AND
2 1 508 1409 1410 AND
2 1 1408 1410 1411 AND
2 1 262 645 1414 AND
2 1 262 506 1415 AND
2 1 1414 1415 1416 AND
2 1 260 642 1412 AND
2 1 260 509 1413 AND
2 1 1412 1413 1417 AND
2 1 1416 1417 1418 AND
2 1 1411 1418 1419 AND
2 1 777 1148 1422 AND
2 1 777 1114 1423 AND
2 1 1422 1423 1424 AND
2 1 782 1145 1420 AND
2 1 782 1115 1421 AND
2 1 1420 1421 1425 AND
2 1 1424 1425 1426 AND
2 1 260 789 1436 AND
2 1 260 653 1437 AND
2 1 1436 1437 1438 AND
2 1 786 1102 1434 AND
2 1 655 1102 1435 AND
2 1 1434 1435 1439 AND
2 1 1438 1439 1440 AND
2 1 946 966 1429 AND
2 1 805 946 1430 AND
2 1 1429 1430 1431 AND
2 1 951 963 1427 AND
2 1 807 951 1428 AND
2 1 1427 1428 1432 AND
2 1 1431 1432 1433 AND
2 1 1440 1433 1441 XOR
2 1 1426 1441 1442 AND
2 1 1433 1440 1443 AND
2 1 1442 1443 1444 AND
2 1 1418 1411 1445 XOR
2 1 1444 1445 1446 AND
2 1 1419 1446 1447 AND
2 1 1448 1447 1449 XOR
2 1 1285 1284 1450 XOR
2 1 1449 1450 1451 AND
2 1 1447 1448 1452 AND
2 1 1451 1452 1453 AND
2 1 1287 1262 1454 XOR
2 1 1453 1454 1455 AND
2 1 1394 1304 1456 XOR
2 1 1454 1453 1457 XOR
2 1 1456 1457 1458 AND
2 1 1455 1458 1459 AND
2 1 1400 1399 1460 XOR
2 1 1459 1460 1461 AND
2 1 630 1352 1494 AND
2 1 635 1352 1495 AND
2 1 1495 1050 1496 XOR
2 1 1494 1496 1497 AND
2 1 265 786 1498 AND
2 1 628 1498 1499 AND
2 1 1497 1499 1500 AND
2 1 966 1102 1510 AND
2 1 805 1102 1511 AND
2 1 1510 1511 1512 AND
2 1 946 963 1508 AND
2 1 807 946 1509 AND
2 1 1508 1509 1513 AND
2 1 1512 1513 1514 AND
2 1 951 1148 1503 AND
2 1 951 1114 1504 AND
2 1 1503 1504 1505 AND
2 1 777 1145 1501 AND
2 1 777 1115 1502 AND
2 1 1501 1502 1506 AND
2 1 1505 1506 1507 AND
2 1 1514 1507 1515 XOR
2 1 1500 1515 1516 AND
2 1 1507 1514 1517 AND
2 1 1516 1517 1518 AND
2 1 262 789 1521 AND
2 1 262 653 1522 AND
2 1 1521 1522 1523 AND
2 1 260 786 1519 AND
2 1 260 655 1520 AND
2 1 1519 1520 1524 AND
2 1 1523 1524 1525 AND
2 1 782 1252 1532 AND
2 1 782 1200 1533 AND
2 1 1532 1533 1534 AND
2 1 630 1248 1530 AND
2 1 630 1202 1531 AND
2 1 1530 1531 1535 AND
2 1 1534 1535 1536 AND
2 1 635 1352 1526 AND
2 1 500 1352 1527 AND
2 1 1527 1050 1528 XOR
2 1 1526 1528 1529 AND
2 1 1536 1529 1537 XOR
2 1 1525 1537 1538 AND
2 1 1529 1536 1539 AND
2 1 1538 1539 1540 AND
2 1 1518 1540 1541 AND
2 1 1540 1518 1542 XOR
2 1 1441 1426 1543 XOR
2 1 1542 1543 1544 AND
2 1 1541 1544 1545 AND
2 1 1445 1444 1546 XOR
2 1 1545 1546 1547 AND
2 1 1390 1389 1484 XOR
2 1 1363 1362 1481 XOR
2 1 630 1252 1464 AND
2 1 630 1200 1465 AND
2 1 1464 1465 1466 AND
2 1 635 1248 1462 AND
2 1 635 1202 1463 AND
2 1 1462 1463 1467 AND
2 1 1466 1467 1468 AND
2 1 1410 1408 1476 XOR
2 1 1468 1476 1477 AND
2 1 265 645 1471 AND
2 1 265 506 1472 AND
2 1 1471 1472 1473 AND
2 1 262 642 1469 AND
2 1 262 509 1470 AND
2 1 1469 1470 1474 AND
2 1 1473 1474 1475 AND
2 1 1468 1476 1478 AND
2 1 1475 1478 1479 AND
2 1 1477 1479 1480 AND
2 1 1481 1480 1483 XOR
2 1 1484 1483 1548 XOR
2 1 1546 1545 1549 XOR
2 1 1548 1549 1550 AND
2 1 1547 1550 1551 AND
2 1 1450 1449 1490 XOR
2 1 1392 1367 1487 XOR
2 1 1480 1481 1482 AND
2 1 1483 1484 1485 AND
2 1 1482 1485 1486 AND
2 1 1487 1486 1489 XOR
2 1 1490 1489 1552 XOR
2 1 1551 1552 1553 AND
2 1 1476 1468 1588 XOR
2 1 1588 1475 1589 XOR
2 1 946 1148 1559 AND
2 1 946 1114 1560 AND
2 1 1559 1560 1561 AND
2 1 951 1145 1557 AND
2 1 951 1115 1558 AND
2 1 1557 1558 1562 AND
2 1 1561 1562 1563 AND
2 1 260 966 1573 AND
2 1 260 805 1574 AND
2 1 1573 1574 1575 AND
2 1 963 1102 1571 AND
2 1 807 1102 1572 AND
2 1 1571 1572 1576 AND
2 1 1575 1576 1577 AND
2 1 777 1252 1566 AND
2 1 777 1200 1567 AND
2 1 1566 1567 1568 AND
2 1 782 1248 1564 AND
2 1 782 1202 1565 AND
2 1 1564 1565 1569 AND
2 1 1568 1569 1570 AND
2 1 1577 1570 1578 XOR
2 1 1563 1578 1579 AND
2 1 1570 1577 1580 AND
2 1 1579 1580 1581 AND
2 1 265 504 1554 AND
2 1 642 1554 1555 AND
2 1 508 1555 1556 AND
2 1 1410 1556 1582 AND
2 1 1581 1582 1583 AND
2 1 1582 1581 1584 XOR
2 1 1515 1500 1585 XOR
2 1 1584 1585 1586 AND
2 1 1583 1586 1587 AND
2 1 1589 1587 1590 XOR
2 1 1543 1542 1591 XOR
2 1 1590 1591 1592 AND
2 1 1587 1589 1593 AND
2 1 1592 1593 1594 AND
2 1 1549 1548 1595 XOR
2 1 1594 1595 1596 AND
2 1 782 1352 1597 AND
2 1 630 1352 1598 AND
2 1 1598 1050 1599 XOR
2 1 1597 1599 1600 AND
2 1 951 1252 1603 AND
2 1 951 1200 1604 AND
2 1 1603 1604 1605 AND
2 1 777 1248 1601 AND
2 1 777 1202 1602 AND
2 1 1601 1602 1606 AND
2 1 1605 1606 1607 AND
2 1 1600 1607 1608 AND
2 1 1102 1148 1611 AND
2 1 1102 1114 1612 AND
2 1 1611 1612 1613 AND
2 1 946 1145 1609 AND
2 1 946 1115 1610 AND
2 1 1609 1610 1614 AND
2 1 1613 1614 1615 AND
2 1 1607 1600 1616 XOR
2 1 1615 1616 1617 AND
2 1 1608 1617 1618 AND
2 1 1499 1497 1626 XOR
2 1 265 789 1621 AND
2 1 265 653 1622 AND
2 1 1621 1622 1623 AND
2 1 262 786 1619 AND
2 1 262 655 1620 AND
2 1 1619 1620 1624 AND
2 1 1623 1624 1625 AND
2 1 1626 1625 1627 XOR
2 1 1618 1627 1628 AND
2 1 1625 1626 1629 AND
2 1 1628 1629 1630 AND
2 1 1537 1525 1631 XOR
2 1 1630 1631 1632 AND
2 1 1585 1584 1633 XOR
2 1 1631 1630 1634 XOR
2 1 1633 1634 1635 AND
2 1 1632 1635 1636 AND
2 1 1590 1591 1850 AND
2 1 1592 1850 1851 AND
2 1 1636 1851 1852 AND
2 1 262 966 1639 AND
2 1 262 805 1640 AND
2 1 1639 1640 1641 AND
2 1 260 963 1637 AND
2 1 260 807 1638 AND
2 1 1637 1638 1642 AND
2 1 1641 1642 1643 AND
2 1 777 1352 1644 AND
2 1 782 1352 1645 AND
2 1 1645 1050 1646 XOR
2 1 1644 1646 1647 AND
2 1 265 963 1648 AND
2 1 775 1648 1649 AND
2 1 1647 1649 1650 AND
2 1 1643 1650 1651 AND
2 1 1650 1643 1652 XOR
2 1 265 651 1653 AND
2 1 1652 1653 1654 AND
2 1 1651 1654 1655 AND
2 1 1578 1563 1656 XOR
2 1 1655 1656 1657 AND
2 1 1656 1655 1658 XOR
2 1 1627 1618 1659 XOR
2 1 1658 1659 1661 AND
2 1 1657 1661 1844 AND
2 1 1634 1633 1845 XOR
2 1 1844 1845 1846 AND
2 1 265 966 1664 AND
2 1 265 805 1665 AND
2 1 1664 1665 1666 AND
2 1 262 963 1662 AND
2 1 262 807 1663 AND
2 1 1662 1663 1667 AND
2 1 1666 1667 1668 AND
2 1 260 1148 1678 AND
2 1 260 1114 1679 AND
2 1 1678 1679 1680 AND
2 1 1102 1145 1676 AND
2 1 1102 1115 1677 AND
2 1 1676 1677 1681 AND
2 1 1680 1681 1682 AND
2 1 946 1252 1671 AND
2 1 946 1200 1672 AND
2 1 1671 1672 1673 AND
2 1 951 1248 1669 AND
2 1 951 1202 1670 AND
2 1 1669 1670 1674 AND
2 1 1673 1674 1675 AND
2 1 1682 1675 1683 XOR
2 1 1668 1683 1684 AND
2 1 1675 1682 1685 AND
2 1 1684 1685 1686 AND
2 1 1616 1615 1687 XOR
2 1 1686 1687 1688 AND
2 1 1653 1652 1689 XOR
2 1 1687 1686 1690 XOR
2 1 1689 1690 1691 AND
2 1 1688 1691 1692 AND
2 1 1658 1659 1660 AND
2 1 1660 1661 1839 AND
2 1 1692 1839 1840 AND
2 1 1649 1647 1822 XOR
2 1 262 1148 1732 AND
2 1 262 1114 1733 AND
2 1 1732 1733 1734 AND
2 1 260 1145 1730 AND
2 1 260 1115 1731 AND
2 1 1730 1731 1735 AND
2 1 1734 1735 1736 AND
2 1 951 1352 1744 AND
2 1 777 1352 1745 AND
2 1 1745 1050 1746 XOR
2 1 1744 1746 1747 AND
2 1 1102 1252 1739 AND
2 1 1102 1200 1740 AND
2 1 1739 1740 1741 AND
2 1 946 1248 1737 AND
2 1 946 1202 1738 AND
2 1 1737 1738 1742 AND
2 1 1741 1742 1743 AND
2 1 1747 1743 1748 XOR
2 1 1736 1748 1750 AND
2 1 1743 1747 1823 AND
2 1 1750 1823 1824 AND
2 1 1822 1824 1825 AND
2 1 1683 1668 1821 XOR
2 1 1824 1822 1826 XOR
2 1 1821 1826 1827 AND
2 1 1825 1827 1833 AND
2 1 1690 1689 1834 XOR
2 1 1833 1834 1835 AND
2 1 946 1352 1696 AND
2 1 951 1352 1697 AND
2 1 1697 1050 1698 XOR
2 1 1696 1698 1699 AND
2 1 265 1145 1700 AND
2 1 944 1700 1701 AND
2 1 1699 1701 1702 AND
2 1 265 803 1693 AND
2 1 963 1693 1694 AND
2 1 775 1694 1695 AND
2 1 1649 1695 1703 AND
2 1 1702 1703 1704 AND
2 1 260 1252 1707 AND
2 1 260 1200 1708 AND
2 1 1707 1708 1709 AND
2 1 1102 1248 1705 AND
2 1 1102 1202 1706 AND
2 1 1705 1706 1710 AND
2 1 1709 1710 1711 AND
2 1 265 1111 1715 AND
2 1 944 1715 1716 AND
2 1 265 1111 1717 AND
2 1 1113 1717 1718 AND
2 1 1716 1718 1719 AND
2 1 262 1145 1712 AND
2 1 262 1111 1713 AND
2 1 944 1713 1714 AND
2 1 1712 1714 1720 AND
2 1 1719 1720 1721 AND
2 1 1711 1721 1722 AND
2 1 1701 1699 1723 XOR
2 1 1721 1711 1724 XOR
2 1 1723 1724 1725 AND
2 1 1722 1725 1726 AND
2 1 1703 1702 1727 XOR
2 1 1726 1727 1728 AND
2 1 1704 1728 1729 AND
2 1 1826 1821 1828 XOR
2 1 1729 1828 1829 AND
2 1 1727 1726 1815 XOR
2 1 1736 1748 1749 AND
2 1 1749 1750 1816 AND
2 1 1815 1816 1817 AND
2 1 1724 1723 1808 XOR
2 1 262 1252 1757 AND
2 1 262 1200 1758 AND
2 1 1757 1758 1759 AND
2 1 260 1248 1755 AND
2 1 260 1202 1756 AND
2 1 1755 1756 1760 AND
2 1 1759 1760 1761 AND
2 1 1102 1352 1751 AND
2 1 946 1352 1752 AND
2 1 1752 1050 1753 XOR
2 1 1751 1753 1754 AND
2 1 1761 1754 1762 XOR
2 1 260 1352 1763 AND
2 1 1102 1352 1764 AND
2 1 1764 1050 1765 XOR
2 1 1763 1765 1766 AND
2 1 265 1098 1767 AND
2 1 1050 1767 1768 AND
2 1 265 1098 1769 AND
2 1 894 1769 1770 AND
2 1 1768 1770 1771 AND
2 1 1766 1771 1772 AND
2 1 1762 1772 1774 AND
2 1 1754 1761 1809 AND
2 1 1774 1809 1810 AND
2 1 1808 1810 1811 AND
2 1 265 1111 1802 AND
2 1 1762 1772 1773 AND
2 1 1773 1774 1803 AND
2 1 1802 1803 1804 AND
2 1 262 1352 1781 AND
2 1 260 1352 1782 AND
2 1 1782 1050 1783 XOR
2 1 1781 1783 1784 AND
2 1 262 1352 1780 AND
2 1 265 1050 1785 AND
2 1 1780 1785 1786 AND
2 1 1784 1786 1787 AND
2 1 265 1199 1778 AND
2 1 1100 1778 1779 AND
2 1 1771 1779 1788 AND
2 1 1787 1788 1789 AND
2 1 1784 1786 1790 AND
2 1 1771 1766 1792 XOR
2 1 1790 1792 1793 AND
2 1 1789 1793 1794 AND
2 1 265 1200 1777 AND
2 1 265 1252 1795 AND
2 1 1777 1795 1796 AND
2 1 1794 1796 1797 AND
2 1 262 1248 1775 AND
2 1 262 1202 1776 AND
2 1 1775 1776 1798 AND
2 1 1797 1798 1799 AND
2 1 1789 1790 1791 AND
2 1 1791 1792 1800 AND
2 1 1799 1800 1801 AND
2 1 1802 1803 1805 AND
2 1 1801 1805 1806 AND
2 1 1804 1806 1807 AND
2 1 1808 1810 1812 AND
2 1 1807 1812 1813 AND
2 1 1811 1813 1814 AND
2 1 1815 1816 1818 AND
2 1 1814 1818 1819 AND
2 1 1817 1819 1820 AND
2 1 1729 1828 1830 AND
2 1 1820 1830 1831 AND
2 1 1829 1831 1832 AND
2 1 1833 1834 1836 AND
2 1 1832 1836 1837 AND
2 1 1835 1837 1838 AND
2 1 1692 1839 1841 AND
2 1 1838 1841 1842 AND
2 1 1840 1842 1843 AND
2 1 1844 1845 1847 AND
2 1 1843 1847 1848 AND
2 1 1846 1848 1849 AND
2 1 1636 1851 1853 AND
2 1 1849 1853 1854 AND
2 1 1852 1854 1855 AND
2 1 1596 1855 1860 AND
2 1 1552 1551 1859 XOR
2 1 1594 1595 1861 AND
2 1 1859 1861 1862 AND
2 1 1860 1862 1863 AND
2 1 1553 1863 1864 AND
2 1 1486 1487 1488 AND
2 1 1489 1490 1491 AND
2 1 1488 1491 1492 AND
2 1 1457 1456 1493 XOR
2 1 1492 1493 1867 AND
2 1 1864 1867 1868 AND
2 1 1460 1459 1866 XOR
2 1 1492 1493 1869 AND
2 1 1866 1869 1870 AND
2 1 1868 1870 1871 AND
2 1 1461 1871 1872 AND
2 1 1404 1872 1873 AND
2 1 1403 1873 1874 AND
2 1 1298 1297 1875 XOR
2 1 1874 1875 1876 AND
2 1 1299 1876 1877 AND
2 1 1185 1877 1878 AND
2 1 1184 1878 1879 AND
2 1 1142 1141 1880 XOR
2 1 1879 1880 1881 AND
2 1 1143 1881 1882 AND
2 1 993 1882 1883 AND
2 1 991 992 1884 AND
2 1 1883 1884 1885 AND
2 1 830 829 1886 XOR
2 1 1885 1886 1887 AND
2 1 831 1887 1888 AND
2 1 676 1888 1889 AND
2 1 674 675 1890 AND
2 1 1889 1890 1891 AND
2 1 1892 1891 1893 XOR
2 1 368 1893 1894 AND
2 1 129 336 1912 AND
2 1 903 1912 1913 AND
2 1 518 1913 1914 AND
2 1 452 1010 1915 AND
2 1 1914 1915 1916 AND
2 1 272 390 1909 AND
2 1 589 1909 1910 AND
2 1 331 1910 1911 AND
2 1 701 921 1917 AND
2 1 1911 1917 1918 AND
2 1 1916 1918 1919 AND
2 1 141 1919 1920 AND
2 1 127 274 1921 AND
2 1 434 1921 1922 AND
2 1 739 1922 1923 AND
2 1 135 332 1924 AND
2 1 516 1924 1925 AND
2 1 1923 1925 1926 AND
2 1 140 755 1927 AND
2 1 372 1927 1928 AND
2 1 721 1928 1929 AND
2 1 1926 1929 1930 AND
2 1 1920 1930 1931 AND
2 1 241 304 1897 AND
2 1 301 333 1898 AND
2 1 1897 1898 1899 AND
2 1 317 1899 1900 AND
2 1 205 213 1901 AND
2 1 708 1901 1902 AND
2 1 1900 1902 1903 AND
2 1 154 177 1904 AND
2 1 193 1904 1905 AND
2 1 1903 1905 1906 AND
2 1 552 684 1907 AND
2 1 1906 1907 1908 AND
2 1 121 444 1895 AND
2 1 206 1895 1896 AND
2 1 303 1896 1932 AND
2 1 1908 1932 1933 AND
2 1 1931 1933 1934 AND
2 1 164 215 1935 AND
2 1 480 1935 1936 AND
2 1 1934 1936 1937 AND
2 1 202 342 1938 AND
2 1 1937 1938 1939 AND
2 1 1888 676 1940 XOR
2 1 1939 1940 1941 AND
2 1 132 741 1942 AND
2 1 450 600 1943 AND
2 1 294 1943 1944 AND
2 1 1942 1944 1945 AND
2 1 687 1945 1946 AND
2 1 569 902 1947 AND
2 1 1946 1947 1948 AND
2 1 1023 1948 1949 AND
2 1 272 333 1950 AND
2 1 434 1950 1951 AND
2 1 1949 1951 1952 AND
2 1 155 224 1953 AND
2 1 1952 1953 1954 AND
2 1 1886 1885 1955 XOR
2 1 1954 1955 1956 AND
2 1 544 591 1972 AND
2 1 214 392 1973 AND
2 1 1971 1973 1974 AND
2 1 1972 1974 1975 AND
2 1 107 684 1976 AND
2 1 1975 1976 1977 AND
2 1 277 288 1980 AND
2 1 420 1980 1981 AND
2 1 454 1981 1982 AND
2 1 165 482 1978 AND
2 1 447 1978 1979 AND
2 1 143 1979 1983 AND
2 1 1982 1983 1984 AND
2 1 540 1984 1985 AND
2 1 607 1985 1986 AND
2 1 1977 1986 1987 AND
2 1 306 1913 1957 AND
2 1 221 222 223 AND
2 1 223 276 1958 AND
2 1 600 1958 1959 AND
2 1 1957 1959 1960 AND
2 1 208 1896 1961 AND
2 1 330 1961 1962 AND
2 1 1960 1962 1963 AND
2 1 193 212 1964 AND
2 1 369 1964 1965 AND
2 1 1963 1965 1966 AND
2 1 292 311 1988 AND
2 1 1966 1988 1989 AND
2 1 1987 1989 1990 AND
2 1 517 1990 1991 AND
2 1 1882 993 1992 XOR
2 1 1991 1992 1993 AND
2 1 139 202 2005 AND
2 1 271 2005 2006 AND
2 1 1966 2006 2007 AND
2 1 422 515 2003 AND
2 1 224 2003 2004 AND
2 1 300 1322 2008 AND
2 1 2004 2008 2009 AND
2 1 2007 2009 2010 AND
2 1 371 427 1994 AND
2 1 1979 1994 1995 AND
2 1 116 126 1996 AND
2 1 175 1996 1997 AND
2 1 1995 1997 1998 AND
2 1 310 334 1999 AND
2 1 342 1999 2000 AND
2 1 1998 2000 2001 AND
2 1 562 2001 2002 AND
2 1 915 1926 2011 AND
2 1 2002 2011 2012 AND
2 1 2010 2012 2013 AND
2 1 154 163 2014 AND
2 1 318 2014 2015 AND
2 1 2013 2015 2016 AND
2 1 288 335 2017 AND
2 1 2016 2017 2018 AND
2 1 1880 1879 2019 XOR
2 1 2018 2019 2020 AND
2 1 82 301 2036 AND
2 1 857 2036 2037 AND
2 1 204 215 2038 AND
2 1 133 198 2039 AND
2 1 2038 2039 2040 AND
2 1 445 2040 2041 AND
2 1 125 214 2021 AND
2 1 107 159 2022 AND
2 1 2021 2022 2023 AND
2 1 203 221 2024 AND
2 1 332 2024 2025 AND
2 1 2023 2025 2026 AND
2 1 155 2026 2027 AND
2 1 128 1035 2028 AND
2 1 344 607 2029 AND
2 1 2028 2029 2030 AND
2 1 878 2030 2031 AND
2 1 312 422 2032 AND
2 1 434 2032 2033 AND
2 1 2031 2033 2034 AND
2 1 322 2034 2035 AND
2 1 2027 2035 2042 AND
2 1 2041 2042 2043 AND
2 1 2037 2043 2044 AND
2 1 181 303 2045 AND
2 1 383 2045 2046 AND
2 1 2044 2046 2047 AND
2 1 206 273 2048 AND
2 1 426 2048 2049 AND
2 1 2047 2049 2050 AND
2 1 420 2050 2051 AND
2 1 1877 1185 2052 XOR
2 1 2051 2052 2053 AND
2 1 278 865 2057 AND
2 1 707 2057 2058 AND
2 1 488 2058 2059 AND
2 1 301 445 2060 AND
2 1 2059 2060 2061 AND
2 1 82 323 2063 AND
2 1 225 2063 2064 AND
2 1 125 133 2062 AND
2 1 407 2062 2065 AND
2 1 2064 2065 2066 AND
2 1 289 319 2067 AND
2 1 1025 2067 2068 AND
2 1 2066 2068 2069 AND
2 1 2061 2069 2070 AND
2 1 864 2056 2071 AND
2 1 2070 2071 2072 AND
2 1 930 2072 2073 AND
2 1 139 204 2074 AND
2 1 471 2074 2075 AND
2 1 2073 2075 2076 AND
2 1 1875 1874 2077 XOR
2 1 2076 2077 2078 AND
2 1 242 424 2085 AND
2 1 517 2085 2086 AND
2 1 181 224 2087 AND
2 1 175 2087 2088 AND
2 1 2086 2088 2089 AND
2 1 843 2089 2090 AND
2 1 302 304 2091 AND
2 1 323 2091 2092 AND
2 1 2090 2092 2093 AND
2 1 178 479 2094 AND
2 1 2093 2094 2095 AND
2 1 423 701 2096 AND
2 1 2095 2096 2097 AND
2 1 357 2097 2098 AND
2 1 287 392 2079 AND
2 1 128 2079 2080 AND
2 1 211 288 2081 AND
2 1 516 2081 2082 AND
2 1 2080 2082 2083 AND
2 1 222 2083 2084 AND
2 1 183 208 2099 AND
2 1 2084 2099 2100 AND
2 1 2098 2100 2101 AND
2 1 154 322 2102 AND
2 1 369 2102 2103 AND
2 1 2101 2103 2104 AND
2 1 448 2104 2105 AND
2 1 1872 1404 2106 XOR
2 1 2105 2106 2107 AND
2 1 527 1981 2108 AND
2 1 335 839 2109 AND
2 1 386 2109 2110 AND
2 1 2108 2110 2111 AND
2 1 94 210 2112 AND
2 1 301 2112 2113 AND
2 1 2111 2113 2114 AND
2 1 391 449 2115 AND
2 1 101 211 2116 AND
2 1 273 2116 2117 AND
2 1 2115 2117 2118 AND
2 1 342 2118 2119 AND
2 1 553 2119 2120 AND
2 1 2114 2120 2121 AND
2 1 700 2121 2122 AND
2 1 136 215 2123 AND
2 1 921 2123 2124 AND
2 1 2122 2124 2125 AND
2 1 206 213 2126 AND
2 1 311 2126 2127 AND
2 1 2125 2127 2128 AND
2 1 221 245 2129 AND
2 1 517 2129 2130 AND
2 1 2128 2130 2131 AND
2 1 271 317 2132 AND
2 1 2131 2132 2133 AND
2 1 1493 1492 1865 XOR
2 1 1864 1865 2135 AND
2 1 1869 1866 2134 XOR
2 1 2135 2134 2136 XOR
2 1 2133 2136 2137 AND
2 1 91 310 2139 AND
2 1 2138 2139 2140 AND
2 1 453 2140 2141 AND
2 1 271 424 2142 AND
2 1 905 2142 2143 AND
2 1 2004 2143 2144 AND
2 1 2141 2144 2145 AND
2 1 348 860 2146 AND
2 1 2056 2146 2147 AND
2 1 2145 2147 2148 AND
2 1 338 448 2149 AND
2 1 2148 2149 2150 AND
2 1 210 2150 2151 AND
2 1 326 480 2152 AND
2 1 371 753 2153 AND
2 1 2152 2153 2154 AND
2 1 300 2154 2155 AND
2 1 2119 2155 2156 AND
2 1 298 918 2157 AND
2 1 2156 2157 2158 AND
2 1 152 2158 2159 AND
2 1 2151 2159 2160 AND
2 1 201 244 2161 AND
2 1 303 2161 2162 AND
2 1 2160 2162 2163 AND
2 1 225 335 2164 AND
2 1 2163 2164 2165 AND
2 1 1865 1864 2166 XOR
2 1 2165 2166 2167 AND
2 1 139 214 2168 AND
2 1 1036 2168 2169 AND
2 1 322 517 2170 AND
2 1 2169 2170 2171 AND
2 1 163 287 2172 AND
2 1 336 345 2173 AND
2 1 2172 2173 2174 AND
2 1 119 2174 2175 AND
2 1 2171 2175 2176 AND
2 1 318 334 2177 AND
2 1 434 2177 2178 AND
2 1 2176 2178 2179 AND
2 1 141 515 2180 AND
2 1 2179 2180 2181 AND
2 1 243 2142 2182 AND
2 1 450 2182 2183 AND
2 1 2061 2183 2184 AND
2 1 2181 2184 2185 AND
2 1 312 736 2186 AND
2 1 2185 2186 2187 AND
2 1 121 179 2188 AND
2 1 195 2188 2189 AND
2 1 2187 2189 2190 AND
2 1 107 211 2191 AND
2 1 332 2191 2192 AND
2 1 2190 2192 2193 AND
2 1 420 2193 2194 AND
2 1 1595 1594 1856 XOR
2 1 1856 1855 2196 XOR
2 1 320 846 847 AND
2 1 725 1015 2197 AND
2 1 847 2197 2198 AND
2 1 348 687 2199 AND
2 1 2198 2199 2200 AND
2 1 2114 2200 2201 AND
2 1 1920 2201 2202 AND
2 1 179 333 2203 AND
2 1 392 2203 2204 AND
2 1 2202 2204 2205 AND
2 1 177 562 2206 AND
2 1 2205 2206 2207 AND
2 1 2196 2207 2208 AND
2 1 2194 2208 2209 AND
2 1 1855 1856 1857 AND
2 1 1596 1857 1858 AND
2 1 1859 1858 2195 XOR
2 1 2194 2208 2210 AND
2 1 2195 2210 2211 AND
2 1 2209 2211 2212 AND
2 1 2166 2165 2213 XOR
2 1 2212 2213 2214 AND
2 1 2167 2214 2215 AND
2 1 2137 2215 2219 AND
2 1 2105 1404 2217 XOR
2 1 2217 1872 2218 XOR
2 1 2133 2136 2220 AND
2 1 2218 2220 2221 AND
2 1 2219 2221 2222 AND
2 1 2107 2222 2223 AND
2 1 2077 2076 2224 XOR
2 1 2223 2224 2225 AND
2 1 2078 2225 2226 AND
2 1 2052 2051 2227 XOR
2 1 2226 2227 2228 AND
2 1 2053 2228 2229 AND
2 1 2019 2018 2230 XOR
2 1 2229 2230 2231 AND
2 1 2020 2231 2232 AND
2 1 1992 1991 2233 XOR
2 1 2232 2233 2234 AND
2 1 1993 2234 2235 AND
2 1 1955 1954 2236 XOR
2 1 2235 2236 2237 AND
2 1 1956 2237 2238 AND
2 1 1940 1939 2239 XOR
2 1 2238 2239 2240 AND
2 1 1941 2240 2241 AND
2 1 1893 368 2242 XOR
2 1 2241 2242 2243 AND
2 1 1894 2243 2244 AND
2 1 1329 1330 1331 AND
2 1 175 214 2245 AND
2 1 383 2245 2246 AND
2 1 743 2246 2247 AND
2 1 161 343 2248 AND
2 1 2247 2248 2249 AND
2 1 454 1010 2250 AND
2 1 2249 2250 2251 AND
2 1 2061 2251 2252 AND
2 1 1331 2252 2253 AND
2 1 136 274 2254 AND
2 1 616 2254 2255 AND
2 1 2253 2255 2256 AND
2 1 515 517 2257 AND
2 1 879 2257 2258 AND
2 1 2256 2258 2259 AND
2 1 210 2259 2260 AND
2 1 2244 2260 2261 AND
2 1 181 183 184 AND
2 1 178 179 185 AND
2 1 184 185 186 AND
2 1 177 186 187 AND
2 1 275 301 2731 AND
2 1 755 2731 2732 AND
2 1 1896 2732 2733 AND
2 1 187 2733 2734 AND
2 1 200 213 2735 AND
2 1 390 2735 2736 AND
2 1 2734 2736 2737 AND
2 1 310 345 2738 AND
2 1 422 2738 2739 AND
2 1 2737 2739 2740 AND
2 1 82 94 2741 AND
2 1 333 2741 2742 AND
2 1 2740 2742 2743 AND
2 1 317 2743 2744 AND
2 1 194 195 196 AND
2 1 193 196 197 AND
2 1 143 2086 2745 AND
2 1 692 2745 2746 AND
2 1 716 2746 2747 AND
2 1 197 2747 2748 AND
2 1 2744 2748 2749 AND
2 1 137 163 2750 AND
2 1 207 2750 2751 AND
2 1 2749 2751 2752 AND
2 1 173 214 2753 AND
2 1 421 2753 2754 AND
2 1 2752 2754 2755 AND
2 1 336 453 2756 AND
2 1 2755 2756 2757 AND
2 1 2261 2757 2758 AND
2 1 2730 2758 2759 AND
2 1 324 372 2761 AND
2 1 1087 2761 2762 AND
2 1 398 2762 2763 AND
2 1 289 412 2764 AND
2 1 2763 2764 2765 AND
2 1 429 478 2766 AND
2 1 461 2766 2767 AND
2 1 2765 2767 2768 AND
2 1 121 380 2760 AND
2 1 127 2760 2769 AND
2 1 2768 2769 2770 AND
2 1 2759 2770 3064 AND
2 1 135 323 3055 AND
2 1 478 3055 3056 AND
2 1 490 3056 3057 AND
2 1 389 461 3058 AND
2 1 3057 3058 3059 AND
2 1 175 206 3060 AND
2 1 379 3060 3061 AND
2 1 3059 3061 3062 AND
2 1 211 3062 3063 AND
2 1 3064 3063 3066 XOR
2 1 2718 3066 3067 AND
2 1 0 1 266 AND
2 1 2 266 2773 AND
2 1 2758 2730 2776 XOR
2 1 2773 2776 3068 AND
2 1 2770 2759 2771 XOR
2 1 0 1 2777 AND
2 1 2771 2777 3069 AND
2 1 3068 3069 3070 AND
2 1 3067 3070 3071 AND
2 1 0 2716 2717 AND
2 1 3066 2771 3074 XOR
2 1 2771 2776 2790 AND
2 1 2757 2261 2774 XOR
2 1 2774 2776 2781 AND
2 1 2260 2244 2262 XOR
2 1 2262 2774 2782 AND
2 1 2242 2241 2269 XOR
2 1 2262 2269 2326 AND
2 1 2239 2238 2267 XOR
2 1 2267 2269 2275 AND
2 1 2236 2235 2276 XOR
2 1 2267 2276 2277 AND
2 1 2233 2232 2278 XOR
2 1 2276 2278 2279 AND
2 1 2230 2229 2280 XOR
2 1 2278 2280 2281 AND
2 1 2227 2226 2282 XOR
2 1 2280 2282 2283 AND
2 1 2224 2223 2284 XOR
2 1 2282 2284 2285 AND
2 1 2218 2137 2288 XOR
2 1 2136 2133 2216 XOR
2 1 2137 2216 2286 AND
2 1 2215 2286 2287 AND
2 1 2288 2287 2289 XOR
2 1 2284 2289 2290 AND
2 1 2216 2215 2291 XOR
2 1 2289 2291 2292 AND
2 1 2213 2212 2293 XOR
2 1 2208 2194 2294 XOR
2 1 2294 2195 2295 XOR
2 1 2293 2295 2298 AND
2 1 2207 2196 2296 XOR
2 1 2295 2296 2297 AND
2 1 2293 2297 2299 AND
2 1 2291 2299 2300 AND
2 1 2298 2300 2301 AND
2 1 2291 2289 2302 XOR
2 1 2301 2302 2303 AND
2 1 2292 2303 2304 AND
2 1 2289 2284 2305 XOR
2 1 2304 2305 2306 AND
2 1 2290 2306 2307 AND
2 1 2284 2282 2308 XOR
2 1 2307 2308 2309 AND
2 1 2285 2309 2310 AND
2 1 2282 2280 2311 XOR
2 1 2310 2311 2312 AND
2 1 2283 2312 2313 AND
2 1 2280 2278 2314 XOR
2 1 2313 2314 2315 AND
2 1 2281 2315 2316 AND
2 1 2278 2276 2317 XOR
2 1 2316 2317 2318 AND
2 1 2279 2318 2319 AND
2 1 2276 2267 2320 XOR
2 1 2319 2320 2321 AND
2 1 2277 2321 2322 AND
2 1 2269 2267 2323 XOR
2 1 2322 2323 2324 AND
2 1 2275 2324 2325 AND
2 1 2269 2262 2327 XOR
2 1 2325 2327 2328 AND
2 1 2326 2328 2783 AND
2 1 2774 2262 2784 XOR
2 1 2783 2784 2785 AND
2 1 2782 2785 2786 AND
2 1 2776 2774 2787 XOR
2 1 2786 2787 2788 AND
2 1 2781 2788 2789 AND
2 1 2776 2771 2791 XOR
2 1 2789 2791 2792 AND
2 1 2790 2792 3072 AND
2 1 3074 3072 3076 XOR
2 1 2717 3076 3077 AND
2 1 3071 3077 3078 AND
2 1 22 266 267 AND
2 1 267 2 268 XOR
2 1 3078 268 3079 XOR
2 1 951 946 2431 XOR
2 1 1102 260 2432 XOR
2 1 2431 2432 2433 AND
2 1 2267 2433 3039 AND
2 1 1102 946 2435 XOR
2 1 2431 2432 2436 AND
2 1 2435 2436 2437 AND
2 1 2278 2437 3040 AND
2 1 2432 2435 2439 AND
2 1 2276 2439 3041 AND
2 1 3040 3041 3042 AND
2 1 3039 3042 3043 AND
2 1 2431 2432 2444 AND
2 1 2320 2319 2596 XOR
2 1 2444 2596 3044 AND
2 1 3043 3044 3045 AND
2 1 3045 951 3046 XOR
2 1 498 2295 3032 AND
2 1 635 630 2333 XOR
2 1 501 2333 2339 AND
2 1 2289 2339 3025 AND
2 1 635 500 2336 XOR
2 1 501 2333 2416 AND
2 1 2336 2416 2417 AND
2 1 2293 2417 3023 AND
2 1 2333 2336 2337 AND
2 1 2291 2337 3024 AND
2 1 3023 3024 3026 AND
2 1 3025 3026 3027 AND
2 1 501 2333 2344 AND
2 1 2302 2301 2363 XOR
2 1 2344 2363 3028 AND
2 1 3027 3028 3029 AND
2 1 3032 3029 3033 XOR
2 1 2296 2333 2334 AND
2 1 498 2334 2335 AND
2 1 2296 2337 2338 AND
2 1 2295 2339 2340 AND
2 1 2338 2340 2341 AND
2 1 2296 2295 2343 XOR
2 1 2343 2344 2345 AND
2 1 2341 2345 2346 AND
2 1 2346 498 2347 XOR
2 1 2335 2347 2348 AND
2 1 2293 2339 2415 AND
2 1 2296 2417 2418 AND
2 1 2295 2337 2419 AND
2 1 2418 2419 2420 AND
2 1 2415 2420 2421 AND
2 1 2295 2296 2342 AND
2 1 2342 2293 2382 XOR
2 1 2344 2382 2422 AND
2 1 2421 2422 2423 AND
2 1 2423 498 2424 XOR
2 1 2348 2424 2425 AND
2 1 498 2296 2552 AND
2 1 2425 2552 2553 AND
2 1 2291 2339 2545 AND
2 1 2293 2337 2544 AND
2 1 2295 2417 2546 AND
2 1 2544 2546 2547 AND
2 1 2545 2547 2548 AND
2 1 2293 2295 2395 AND
2 1 2293 2297 2394 AND
2 1 2395 2394 2396 XOR
2 1 2396 2291 2397 XOR
2 1 2344 2397 2549 AND
2 1 2548 2549 2550 AND
2 1 2550 498 2551 XOR
2 1 2552 2425 2554 XOR
2 1 2551 2554 2555 AND
2 1 2553 2555 2556 AND
2 1 3033 2556 3035 XOR
2 1 951 777 2350 XOR
2 1 782 630 2351 XOR
2 1 2350 2351 2359 AND
2 1 2280 2359 3015 AND
2 1 782 777 2353 XOR
2 1 2350 2351 2354 AND
2 1 2353 2354 2355 AND
2 1 2284 2355 3016 AND
2 1 2350 2353 2357 AND
2 1 2282 2357 3017 AND
2 1 3016 3017 3018 AND
2 1 3015 3018 3019 AND
2 1 2350 2351 2352 AND
2 1 2311 2310 2454 XOR
2 1 2352 2454 3020 AND
2 1 3019 3020 3021 AND
2 1 3021 630 3022 XOR
2 1 3035 3022 3037 XOR
2 1 2282 2359 2536 AND
2 1 2289 2355 2537 AND
2 1 2284 2357 2538 AND
2 1 2537 2538 2539 AND
2 1 2536 2539 2540 AND
2 1 2308 2307 2466 XOR
2 1 2352 2466 2541 AND
2 1 2540 2541 2542 AND
2 1 2542 630 2543 XOR
2 1 2554 2551 2557 XOR
2 1 2543 2557 2558 AND
2 1 2557 2543 2559 XOR
2 1 2284 2359 2406 AND
2 1 2291 2355 2407 AND
2 1 2289 2357 2408 AND
2 1 2407 2408 2409 AND
2 1 2406 2409 2410 AND
2 1 2305 2304 2411 XOR
2 1 2352 2411 2412 AND
2 1 2410 2412 2413 AND
2 1 2413 630 2414 XOR
2 1 2424 2348 2426 XOR
2 1 2414 2426 2427 AND
2 1 2347 2335 2349 XOR
2 1 2289 2359 2360 AND
2 1 2293 2355 2356 AND
2 1 2291 2357 2358 AND
2 1 2356 2358 2361 AND
2 1 2360 2361 2362 AND
2 1 2352 2363 2364 AND
2 1 2362 2364 2365 AND
2 1 2365 630 2366 XOR
2 1 2349 2366 2367 AND
2 1 2296 2350 2368 AND
2 1 630 2368 2369 AND
2 1 2296 2357 2370 AND
2 1 2295 2359 2371 AND
2 1 2370 2371 2372 AND
2 1 2343 2352 2373 AND
2 1 2372 2373 2374 AND
2 1 2374 630 2375 XOR
2 1 2369 2375 2376 AND
2 1 2293 2359 2377 AND
2 1 2296 2355 2378 AND
2 1 2295 2357 2379 AND
2 1 2378 2379 2380 AND
2 1 2377 2380 2381 AND
2 1 2352 2382 2383 AND
2 1 2381 2383 2384 AND
2 1 2384 630 2385 XOR
2 1 2376 2385 2386 AND
2 1 2334 2386 2387 AND
2 1 2386 2334 2388 XOR
2 1 2291 2359 2390 AND
2 1 2293 2357 2389 AND
2 1 2295 2355 2391 AND
2 1 2389 2391 2392 AND
2 1 2390 2392 2393 AND
2 1 2352 2397 2398 AND
2 1 2393 2398 2399 AND
2 1 2399 630 2400 XOR
2 1 2388 2400 2401 AND
2 1 2387 2401 2402 AND
2 1 2366 2349 2403 XOR
2 1 2402 2403 2404 AND
2 1 2367 2404 2405 AND
2 1 2426 2414 2428 XOR
2 1 2405 2428 2429 AND
2 1 2427 2429 2560 AND
2 1 2559 2560 2561 AND
2 1 2558 2561 3014 AND
2 1 3037 3014 3038 XOR
2 1 3046 3038 3048 XOR
2 1 2560 2559 2562 XOR
2 1 2276 2433 2564 AND
2 1 2280 2437 2565 AND
2 1 2278 2439 2566 AND
2 1 2565 2566 2567 AND
2 1 2564 2567 2568 AND
2 1 2317 2316 2563 XOR
2 1 2444 2563 2569 AND
2 1 2568 2569 2570 AND
2 1 2570 951 2571 XOR
2 1 2562 2571 2572 AND
2 1 2428 2405 2430 XOR
2 1 2278 2433 2434 AND
2 1 2282 2437 2438 AND
2 1 2280 2439 2440 AND
2 1 2438 2440 2441 AND
2 1 2434 2441 2442 AND
2 1 2314 2313 2443 XOR
2 1 2443 2444 2445 AND
2 1 2442 2445 2446 AND
2 1 2446 951 2447 XOR
2 1 2430 2447 2448 AND
2 1 2280 2433 2449 AND
2 1 2284 2437 2450 AND
2 1 2282 2439 2451 AND
2 1 2450 2451 2452 AND
2 1 2449 2452 2453 AND
2 1 2444 2454 2455 AND
2 1 2453 2455 2456 AND
2 1 2456 951 2457 XOR
2 1 2403 2402 2458 XOR
2 1 2457 2458 2459 AND
2 1 2400 2388 2460 XOR
2 1 2282 2433 2461 AND
2 1 2289 2437 2462 AND
2 1 2284 2439 2463 AND
2 1 2462 2463 2464 AND
2 1 2461 2464 2465 AND
2 1 2444 2466 2467 AND
2 1 2465 2467 2468 AND
2 1 2468 951 2469 XOR
2 1 2460 2469 2470 AND
2 1 2284 2433 2471 AND
2 1 2291 2437 2472 AND
2 1 2289 2439 2473 AND
2 1 2472 2473 2474 AND
2 1 2471 2474 2475 AND
2 1 2411 2444 2476 AND
2 1 2475 2476 2477 AND
2 1 2477 951 2478 XOR
2 1 2385 2376 2479 XOR
2 1 2478 2479 2480 AND
2 1 2375 2369 2481 XOR
2 1 2289 2433 2484 AND
2 1 2293 2437 2482 AND
2 1 2291 2439 2483 AND
2 1 2482 2483 2485 AND
2 1 2484 2485 2486 AND
2 1 2363 2444 2487 AND
2 1 2486 2487 2488 AND
2 1 2488 951 2489 XOR
2 1 2481 2489 2490 AND
2 1 2296 2439 2491 AND
2 1 2295 2433 2492 AND
2 1 2491 2492 2493 AND
2 1 2343 2444 2494 AND
2 1 2493 2494 2495 AND
2 1 2495 951 2496 XOR
2 1 2296 2432 2497 AND
2 1 951 2497 2498 AND
2 1 2496 2498 2499 AND
2 1 2293 2433 2500 AND
2 1 2296 2437 2501 AND
2 1 2295 2439 2502 AND
2 1 2501 2502 2503 AND
2 1 2500 2503 2504 AND
2 1 2382 2444 2505 AND
2 1 2504 2505 2506 AND
2 1 2506 951 2507 XOR
2 1 2499 2507 2508 AND
2 1 2368 2508 2509 AND
2 1 2508 2368 2510 XOR
2 1 2291 2433 2512 AND
2 1 2293 2439 2511 AND
2 1 2295 2437 2513 AND
2 1 2511 2513 2514 AND
2 1 2512 2514 2515 AND
2 1 2397 2444 2516 AND
2 1 2515 2516 2517 AND
2 1 2517 951 2518 XOR
2 1 2510 2518 2519 AND
2 1 2509 2519 2520 AND
2 1 2489 2481 2521 XOR
2 1 2520 2521 2522 AND
2 1 2490 2522 2523 AND
2 1 2479 2478 2524 XOR
2 1 2523 2524 2525 AND
2 1 2480 2525 2526 AND
2 1 2469 2460 2527 XOR
2 1 2526 2527 2528 AND
2 1 2470 2528 2529 AND
2 1 2458 2457 2530 XOR
2 1 2529 2530 2531 AND
2 1 2459 2531 2532 AND
2 1 2447 2430 2533 XOR
2 1 2532 2533 2534 AND
2 1 2448 2534 2535 AND
2 1 2571 2562 2573 XOR
2 1 2535 2573 2574 AND
2 1 2572 2574 3013 AND
2 1 3048 3013 3050 XOR
2 1 262 260 263 XOR
2 1 268 265 269 XOR
2 1 263 269 270 AND
2 1 270 2774 3005 AND
2 1 265 262 2264 XOR
2 1 269 2264 2265 AND
2 1 263 2265 2266 AND
2 1 2266 2269 3006 AND
2 1 269 2264 2270 AND
2 1 2262 2270 3007 AND
2 1 3006 3007 3008 AND
2 1 3005 3008 3009 AND
2 1 263 269 2274 AND
2 1 2784 2783 2815 XOR
2 1 2274 2815 3010 AND
2 1 3009 3010 3011 AND
2 1 3011 260 3012 XOR
2 1 3050 3012 3052 XOR
2 1 270 2262 2263 AND
2 1 2266 2267 2268 AND
2 1 2269 2270 2271 AND
2 1 2268 2271 2272 AND
2 1 2263 2272 2273 AND
2 1 2327 2325 2329 XOR
2 1 2274 2329 2330 AND
2 1 2273 2330 2331 AND
2 1 2331 260 2332 XOR
2 1 2573 2535 2575 XOR
2 1 2332 2575 2576 AND
2 1 2575 2332 2577 XOR
2 1 2533 2532 2578 XOR
2 1 270 2269 2579 AND
2 1 2266 2276 2580 AND
2 1 2267 2270 2581 AND
2 1 2580 2581 2582 AND
2 1 2579 2582 2583 AND
2 1 2323 2322 2584 XOR
2 1 2274 2584 2585 AND
2 1 2583 2585 2586 AND
2 1 2586 260 2587 XOR
2 1 2578 2587 2588 AND
2 1 2587 2578 2589 XOR
2 1 2530 2529 2590 XOR
2 1 270 2267 2591 AND
2 1 2266 2278 2592 AND
2 1 2270 2276 2593 AND
2 1 2592 2593 2594 AND
2 1 2591 2594 2595 AND
2 1 2274 2596 2597 AND
2 1 2595 2597 2598 AND
2 1 2598 260 2599 XOR
2 1 2590 2599 2600 AND
2 1 2527 2526 2601 XOR
2 1 270 2276 2602 AND
2 1 2266 2280 2603 AND
2 1 2270 2278 2604 AND
2 1 2603 2604 2605 AND
2 1 2602 2605 2606 AND
2 1 2274 2563 2607 AND
2 1 2606 2607 2608 AND
2 1 2608 260 2609 XOR
2 1 2601 2609 2610 AND
2 1 2524 2523 2611 XOR
2 1 270 2278 2612 AND
2 1 2266 2282 2613 AND
2 1 2270 2280 2614 AND
2 1 2613 2614 2615 AND
2 1 2612 2615 2616 AND
2 1 2274 2443 2617 AND
2 1 2616 2617 2618 AND
2 1 2618 260 2619 XOR
2 1 2611 2619 2620 AND
2 1 270 2280 2621 AND
2 1 2266 2284 2622 AND
2 1 2270 2282 2623 AND
2 1 2622 2623 2624 AND
2 1 2621 2624 2625 AND
2 1 2274 2454 2626 AND
2 1 2625 2626 2627 AND
2 1 2627 260 2628 XOR
2 1 2521 2520 2629 XOR
2 1 2628 2629 2630 AND
2 1 2518 2510 2631 XOR
2 1 270 2282 2632 AND
2 1 2266 2289 2633 AND
2 1 2270 2284 2634 AND
2 1 2633 2634 2635 AND
2 1 2632 2635 2636 AND
2 1 2274 2466 2637 AND
2 1 2636 2637 2638 AND
2 1 2638 260 2639 XOR
2 1 2631 2639 2640 AND
2 1 270 2284 2641 AND
2 1 2266 2291 2642 AND
2 1 2270 2289 2643 AND
2 1 2642 2643 2644 AND
2 1 2641 2644 2645 AND
2 1 2274 2411 2646 AND
2 1 2645 2646 2647 AND
2 1 2647 260 2648 XOR
2 1 2507 2499 2649 XOR
2 1 2648 2649 2650 AND
2 1 2498 2496 2651 XOR
2 1 270 2289 2654 AND
2 1 2266 2293 2652 AND
2 1 2270 2291 2653 AND
2 1 2652 2653 2655 AND
2 1 2654 2655 2656 AND
2 1 2274 2363 2657 AND
2 1 2656 2657 2658 AND
2 1 2658 260 2659 XOR
2 1 2651 2659 2660 AND
2 1 269 2296 2661 AND
2 1 260 2661 2662 AND
2 1 2270 2296 2663 AND
2 1 270 2295 2664 AND
2 1 2663 2664 2665 AND
2 1 2274 2343 2666 AND
2 1 2665 2666 2667 AND
2 1 2667 260 2668 XOR
2 1 2662 2668 2669 AND
2 1 270 2293 2670 AND
2 1 2266 2296 2671 AND
2 1 2270 2295 2672 AND
2 1 2671 2672 2673 AND
2 1 2670 2673 2674 AND
2 1 2274 2382 2675 AND
2 1 2674 2675 2676 AND
2 1 2676 260 2677 XOR
2 1 2669 2677 2678 AND
2 1 2497 2678 2679 AND
2 1 2678 2497 2680 XOR
2 1 270 2291 2682 AND
2 1 2270 2293 2681 AND
2 1 2266 2295 2683 AND
2 1 2681 2683 2684 AND
2 1 2682 2684 2685 AND
2 1 2274 2397 2686 AND
2 1 2685 2686 2687 AND
2 1 2687 260 2688 XOR
2 1 2680 2688 2689 AND
2 1 2679 2689 2690 AND
2 1 2659 2651 2691 XOR
2 1 2690 2691 2692 AND
2 1 2660 2692 2693 AND
2 1 2649 2648 2694 XOR
2 1 2693 2694 2695 AND
2 1 2650 2695 2696 AND
2 1 2639 2631 2697 XOR
2 1 2696 2697 2698 AND
2 1 2640 2698 2699 AND
2 1 2629 2628 2700 XOR
2 1 2699 2700 2701 AND
2 1 2630 2701 2702 AND
2 1 2619 2611 2703 XOR
2 1 2702 2703 2704 AND
2 1 2620 2704 2705 AND
2 1 2609 2601 2706 XOR
2 1 2705 2706 2707 AND
2 1 2610 2707 2708 AND
2 1 2599 2590 2709 XOR
2 1 2708 2709 2710 AND
2 1 2600 2710 2711 AND
2 1 2589 2711 2712 AND
2 1 2588 2712 2713 AND
2 1 2577 2713 2714 AND
2 1 2576 2714 3004 AND
2 1 3052 3004 3054 XOR
2 1 3079 3054 3081 XOR
2 1 2713 2577 2715 XOR
2 1 2718 2771 2772 AND
2 1 2773 2774 2775 AND
2 1 2776 2777 2778 AND
2 1 2775 2778 2779 AND
2 1 2772 2779 2780 AND
2 1 2791 2789 2793 XOR
2 1 2717 2793 2794 AND
2 1 2780 2794 2795 AND
2 1 2795 268 2796 XOR
2 1 2715 2796 2797 AND
2 1 2711 2589 2798 XOR
2 1 2718 2776 2799 AND
2 1 2262 2773 2800 AND
2 1 2774 2777 2801 AND
2 1 2800 2801 2802 AND
2 1 2799 2802 2803 AND
2 1 2787 2786 2804 XOR
2 1 2717 2804 2805 AND
2 1 2803 2805 2806 AND
2 1 2806 268 2807 XOR
2 1 2798 2807 2808 AND
2 1 2718 2774 2810 AND
2 1 2269 2773 2811 AND
2 1 2262 2777 2812 AND
2 1 2811 2812 2813 AND
2 1 2810 2813 2814 AND
2 1 2717 2815 2816 AND
2 1 2814 2816 2817 AND
2 1 2817 268 2818 XOR
2 1 2708 2709 2809 AND
2 1 2710 2809 2990 AND
2 1 2818 2990 2991 AND
2 1 2706 2705 2977 XOR
2 1 2262 2718 2978 AND
2 1 2267 2773 2979 AND
2 1 2269 2777 2980 AND
2 1 2979 2980 2981 AND
2 1 2978 2981 2982 AND
2 1 2329 2717 2983 AND
2 1 2982 2983 2984 AND
2 1 2984 268 2985 XOR
2 1 2977 2985 2986 AND
2 1 2703 2702 2964 XOR
2 1 2269 2718 2965 AND
2 1 2276 2773 2966 AND
2 1 2267 2777 2967 AND
2 1 2966 2967 2968 AND
2 1 2965 2968 2969 AND
2 1 2584 2717 2970 AND
2 1 2969 2970 2971 AND
2 1 2971 268 2972 XOR
2 1 2964 2972 2973 AND
2 1 2280 2718 2929 AND
2 1 2284 2773 2930 AND
2 1 2282 2777 2931 AND
2 1 2930 2931 2932 AND
2 1 2929 2932 2933 AND
2 1 2454 2717 2934 AND
2 1 2933 2934 2935 AND
2 1 2935 268 2936 XOR
2 1 2690 2691 2850 AND
2 1 2692 2850 2937 AND
2 1 2936 2937 2938 AND
2 1 2293 2718 2873 AND
2 1 2296 2773 2874 AND
2 1 2295 2777 2875 AND
2 1 2874 2875 2876 AND
2 1 2873 2876 2877 AND
2 1 268 2877 2878 AND
2 1 268 2717 2828 AND
2 1 2382 2828 2872 AND
2 1 0 2296 2871 AND
2 1 2343 2828 2879 AND
2 1 2295 2718 2880 AND
2 1 2296 2777 2881 AND
2 1 268 2881 2882 AND
2 1 2880 2882 2883 AND
2 1 2879 2883 2884 AND
2 1 2871 2884 2885 AND
2 1 2872 2885 2886 AND
2 1 2878 2886 2887 AND
2 1 2661 2887 2888 AND
2 1 2291 2718 2890 AND
2 1 2293 2777 2889 AND
2 1 2295 2773 2891 AND
2 1 2889 2891 2892 AND
2 1 2890 2892 2893 AND
2 1 2397 2717 2894 AND
2 1 2893 2894 2895 AND
2 1 2895 268 2896 XOR
2 1 2888 2896 2897 AND
2 1 2661 2887 2898 AND
2 1 2668 2662 2900 XOR
2 1 2898 2900 2901 AND
2 1 2897 2901 2902 AND
2 1 2363 2717 2867 AND
2 1 2289 2718 2863 AND
2 1 2293 2773 2861 AND
2 1 2291 2777 2862 AND
2 1 2861 2862 2864 AND
2 1 2863 2864 2865 AND
2 1 268 2865 2868 AND
2 1 2867 2868 2869 AND
2 1 268 2865 2866 AND
2 1 2363 2828 2870 AND
2 1 2866 2870 2903 AND
2 1 2869 2903 2904 AND
2 1 2902 2904 2905 AND
2 1 2897 2898 2899 AND
2 1 2899 2900 2906 AND
2 1 2905 2906 2907 AND
2 1 2284 2718 2908 AND
2 1 2291 2773 2909 AND
2 1 2289 2777 2910 AND
2 1 2909 2910 2911 AND
2 1 2908 2911 2912 AND
2 1 2411 2717 2913 AND
2 1 2912 2913 2914 AND
2 1 2914 268 2915 XOR
2 1 2907 2915 2916 AND
2 1 2677 2669 2917 XOR
2 1 2916 2917 2918 AND
2 1 2907 2915 2919 AND
2 1 2688 2680 2921 XOR
2 1 2919 2921 2922 AND
2 1 2918 2922 2923 AND
2 1 2466 2828 2860 AND
2 1 2282 2718 2851 AND
2 1 2289 2773 2852 AND
2 1 2284 2777 2853 AND
2 1 2852 2853 2854 AND
2 1 2851 2854 2855 AND
2 1 268 2855 2856 AND
2 1 2466 2717 2857 AND
2 1 268 2855 2858 AND
2 1 2857 2858 2859 AND
2 1 2856 2859 2924 AND
2 1 2860 2924 2925 AND
2 1 2923 2925 2926 AND
2 1 2918 2919 2920 AND
2 1 2920 2921 2927 AND
2 1 2926 2927 2928 AND
2 1 2936 2937 2939 AND
2 1 2928 2939 2940 AND
2 1 2938 2940 2941 AND
2 1 2694 2693 2942 XOR
2 1 2941 2942 2943 AND
2 1 2443 2828 2849 AND
2 1 2278 2718 2840 AND
2 1 2282 2773 2841 AND
2 1 2280 2777 2842 AND
2 1 2841 2842 2843 AND
2 1 2840 2843 2844 AND
2 1 268 2844 2845 AND
2 1 2443 2717 2846 AND
2 1 268 2844 2847 AND
2 1 2846 2847 2848 AND
2 1 2845 2848 2944 AND
2 1 2849 2944 2945 AND
2 1 2943 2945 2946 AND
2 1 2941 2942 2947 AND
2 1 2697 2696 2949 XOR
2 1 2947 2949 2950 AND
2 1 2946 2950 2951 AND
2 1 2563 2828 2839 AND
2 1 2276 2718 2830 AND
2 1 2280 2773 2831 AND
2 1 2278 2777 2832 AND
2 1 2831 2832 2833 AND
2 1 2830 2833 2834 AND
2 1 268 2834 2835 AND
2 1 2563 2717 2836 AND
2 1 268 2834 2837 AND
2 1 2836 2837 2838 AND
2 1 2835 2838 2952 AND
2 1 2839 2952 2953 AND
2 1 2951 2953 2954 AND
2 1 2946 2947 2948 AND
2 1 2948 2949 2955 AND
2 1 2954 2955 2956 AND
2 1 2700 2699 2957 XOR
2 1 2956 2957 2958 AND
2 1 2596 2828 2829 AND
2 1 2267 2718 2819 AND
2 1 2278 2773 2820 AND
2 1 2276 2777 2821 AND
2 1 2820 2821 2822 AND
2 1 2819 2822 2823 AND
2 1 268 2823 2824 AND
2 1 2596 2717 2825 AND
2 1 268 2823 2826 AND
2 1 2825 2826 2827 AND
2 1 2824 2827 2959 AND
2 1 2829 2959 2960 AND
2 1 2958 2960 2961 AND
2 1 2956 2957 2962 AND
2 1 2961 2962 2963 AND
2 1 2964 2972 2974 AND
2 1 2963 2974 2975 AND
2 1 2973 2975 2976 AND
2 1 2977 2985 2987 AND
2 1 2976 2987 2988 AND
2 1 2986 2988 2989 AND
2 1 2818 2990 2992 AND
2 1 2989 2992 2993 AND
2 1 2991 2993 2994 AND
2 1 2808 2994 2999 AND
2 1 2796 2715 2998 XOR
2 1 2798 2807 3000 AND
2 1 2998 3000 3001 AND
2 1 2999 3001 3002 AND
2 1 2797 3002 3003 AND
2 1 3081 3003 3083 XOR
2 1 214 215 216 AND
2 1 212 213 217 AND
2 1 216 217 218 AND
2 1 210 211 219 AND
2 1 218 219 220 AND
2 1 224 225 226 AND
2 1 223 226 227 AND
2 1 208 209 228 AND
2 1 227 228 229 AND
2 1 220 229 230 AND
2 1 205 206 231 AND
2 1 207 231 232 AND
2 1 230 232 233 AND
2 1 202 203 234 AND
2 1 204 234 235 AND
2 1 233 235 236 AND
2 1 199 200 237 AND
2 1 201 237 238 AND
2 1 236 238 239 AND
2 1 198 239 240 AND
2 1 243 246 247 AND
2 1 154 176 188 AND
2 1 187 188 189 AND
2 1 172 189 190 AND
2 1 153 190 191 AND
2 1 191 197 248 AND
2 1 247 248 249 AND
2 1 240 249 250 AND
2 1 114 116 251 AND
2 1 152 251 252 AND
2 1 250 252 253 AND
2 1 94 101 254 AND
2 1 107 254 255 AND
2 1 253 255 256 AND
2 1 82 91 257 AND
2 1 256 257 258 AND
2 1 3083 258 3150 XOR
2 1 204 481 3097 AND
2 1 347 3097 3098 AND
2 1 1054 3098 3099 AND
2 1 242 471 3100 AND
2 1 516 3100 3101 AND
2 1 3099 3101 3102 AND
2 1 202 420 3103 AND
2 1 447 3103 3104 AND
2 1 3102 3104 3105 AND
2 1 273 392 3106 AND
2 1 736 3106 3107 AND
2 1 3105 3107 3108 AND
2 1 94 482 3085 AND
2 1 772 3085 3086 AND
2 1 141 3086 3087 AND
2 1 126 137 3088 AND
2 1 753 3088 3089 AND
2 1 3087 3089 3090 AND
2 1 120 173 3091 AND
2 1 288 3091 3092 AND
2 1 3090 3092 3093 AND
2 1 82 129 3094 AND
2 1 334 3094 3095 AND
2 1 3093 3095 3096 AND
2 1 915 2171 3109 AND
2 1 3096 3109 3110 AND
2 1 3108 3110 3111 AND
2 1 124 241 3112 AND
2 1 302 3112 3113 AND
2 1 3111 3113 3114 AND
2 1 133 272 3115 AND
2 1 421 3115 3116 AND
2 1 3114 3116 3117 AND
2 1 310 317 3118 AND
2 1 446 3118 3119 AND
2 1 3117 3119 3120 AND
2 1 372 2004 3122 AND
2 1 131 479 3123 AND
2 1 3122 3123 3124 AND
2 1 2027 3124 3125 AND
2 1 331 453 3126 AND
2 1 3125 3126 3127 AND
2 1 316 760 3128 AND
2 1 124 142 3129 AND
2 1 3128 3129 3130 AND
2 1 436 2142 3131 AND
2 1 319 2152 3132 AND
2 1 3131 3132 3133 AND
2 1 2084 3133 3134 AND
2 1 3130 3134 3135 AND
2 1 3127 3135 3136 AND
2 1 137 292 3137 AND
2 1 390 3137 3138 AND
2 1 3136 3138 3139 AND
2 1 161 205 3140 AND
2 1 206 3140 3141 AND
2 1 3139 3141 3142 AND
2 1 277 3142 3143 AND
2 1 2807 2798 2995 XOR
2 1 2995 2994 3144 XOR
2 1 3143 3144 3145 AND
2 1 3120 3145 3146 AND
2 1 2994 2995 2996 AND
2 1 2808 2996 2997 AND
2 1 2998 2997 3121 XOR
2 1 3120 3145 3147 AND
2 1 3121 3147 3148 AND
2 1 3146 3148 3149 AND
2 1 3150 3149 3260 XOR
2 1 226 753 3246 AND
2 1 1012 3246 3247 AND
2 1 1322 3247 3248 AND
2 1 606 3248 3249 AND
2 1 2035 3249 3250 AND
2 1 586 3250 3251 AND
2 1 135 197 3252 AND
2 1 242 3252 3253 AND
2 1 3251 3253 3254 AND
2 1 320 3254 3255 AND
2 1 3054 3079 3080 AND
2 1 3003 3081 3082 AND
2 1 3080 3082 3240 AND
2 1 270 2776 3226 AND
2 1 2262 2266 3227 AND
2 1 2270 2774 3228 AND
2 1 3227 3228 3229 AND
2 1 3226 3229 3230 AND
2 1 2274 2804 3231 AND
2 1 3230 3231 3232 AND
2 1 3232 260 3233 XOR
2 1 3038 3046 3047 AND
2 1 3013 3048 3049 AND
2 1 3047 3049 3223 AND
2 1 2278 2359 3209 AND
2 1 2282 2355 3210 AND
2 1 2280 2357 3211 AND
2 1 3210 3211 3212 AND
2 1 3209 3212 3213 AND
2 1 2352 2443 3214 AND
2 1 3213 3214 3215 AND
2 1 3215 630 3216 XOR
2 1 498 2293 3205 AND
2 1 2284 2339 3198 AND
2 1 2291 2417 3199 AND
2 1 2289 2337 3200 AND
2 1 3199 3200 3201 AND
2 1 3198 3201 3202 AND
2 1 2344 2411 3203 AND
2 1 3202 3203 3204 AND
2 1 3205 3204 3206 XOR
2 1 498 2295 3030 AND
2 1 3029 3030 3031 AND
2 1 2556 3033 3034 AND
2 1 3031 3034 3197 AND
2 1 3206 3197 3208 XOR
2 1 3216 3208 3218 XOR
2 1 3022 3035 3036 AND
2 1 3014 3037 3195 AND
2 1 3036 3195 3196 AND
2 1 3218 3196 3220 XOR
2 1 2269 2433 3187 AND
2 1 2276 2437 3188 AND
2 1 2267 2439 3189 AND
2 1 3188 3189 3190 AND
2 1 3187 3190 3191 AND
2 1 2444 2584 3192 AND
2 1 3191 3192 3193 AND
2 1 3193 951 3194 XOR
2 1 3220 3194 3222 XOR
2 1 3223 3222 3225 XOR
2 1 3233 3225 3235 XOR
2 1 3012 3050 3051 AND
2 1 3004 3052 3053 AND
2 1 3051 3053 3186 AND
2 1 3235 3186 3237 XOR
2 1 1080 1081 1082 AND
2 1 328 444 3160 AND
2 1 309 3160 3161 AND
2 1 226 553 3153 AND
2 1 107 288 3154 AND
2 1 325 3154 3155 AND
2 1 3153 3155 3156 AND
2 1 194 420 3157 AND
2 1 445 3157 3158 AND
2 1 3156 3158 3159 AND
2 1 2138 3159 3162 AND
2 1 3161 3162 3163 AND
2 1 1082 3163 3164 AND
2 1 164 209 3165 AND
2 1 292 3165 3166 AND
2 1 3164 3166 3167 AND
2 1 198 205 3168 AND
2 1 517 3168 3169 AND
2 1 3167 3169 3170 AND
2 1 119 210 3171 AND
2 1 3170 3171 3172 AND
2 1 3063 3064 3065 AND
2 1 3172 3065 3173 XOR
2 1 2718 3173 3174 AND
2 1 2771 2773 3175 AND
2 1 2777 3066 3176 AND
2 1 3175 3176 3177 AND
2 1 3174 3177 3178 AND
2 1 3178 268 3184 XOR
2 1 3173 3066 3180 XOR
2 1 2771 3066 3073 AND
2 1 3072 3074 3075 AND
2 1 3073 3075 3179 AND
2 1 3180 3179 3181 XOR
2 1 2717 3178 3182 AND
2 1 3181 3182 3183 AND
2 1 3184 3183 3185 XOR
2 1 3237 3185 3239 XOR
2 1 3240 3239 3245 XOR
2 1 3255 3245 3257 XOR
2 1 258 3083 3084 AND
2 1 3149 3150 3151 AND
2 1 3084 3151 3152 AND
2 1 3257 3152 3259 XOR
2 1 3260 3259 3262 XOR
2 1 23 22 3382 XOR
2 1 3262 3382 3383 AND
2 1 600 2062 3359 AND
2 1 2002 3359 3360 AND
2 1 127 380 3356 AND
2 1 245 336 3357 AND
2 1 3356 3357 3358 AND
2 1 701 3358 3361 AND
2 1 236 3361 3362 AND
2 1 3360 3362 3363 AND
2 1 162 197 3364 AND
2 1 2732 3364 3365 AND
2 1 3363 3365 3366 AND
2 1 142 178 3367 AND
2 1 302 3367 3368 AND
2 1 3366 3368 3369 AND
2 1 101 420 3370 AND
2 1 3369 3370 3371 AND
2 1 270 2771 3339 AND
2 1 2266 2774 3340 AND
2 1 2270 2776 3341 AND
2 1 3340 3341 3342 AND
2 1 3339 3342 3343 AND
2 1 2274 2793 3344 AND
2 1 3343 3344 3345 AND
2 1 3345 260 3346 XOR
2 1 3194 3220 3221 AND
2 1 3222 3223 3224 AND
2 1 3221 3224 3336 AND
2 1 2276 2359 3322 AND
2 1 2280 2355 3323 AND
2 1 2278 2357 3324 AND
2 1 3323 3324 3325 AND
2 1 3322 3325 3326 AND
2 1 2352 2563 3327 AND
2 1 3326 3327 3328 AND
2 1 3328 630 3329 XOR
2 1 498 2291 3318 AND
2 1 2282 2339 3311 AND
2 1 2289 2417 3312 AND
2 1 2284 2337 3313 AND
2 1 3312 3313 3314 AND
2 1 3311 3314 3315 AND
2 1 2344 2466 3316 AND
2 1 3315 3316 3317 AND
2 1 3318 3317 3319 XOR
2 1 3197 3206 3207 AND
2 1 498 2293 3308 AND
2 1 3204 3308 3309 AND
2 1 3207 3309 3310 AND
2 1 3319 3310 3321 XOR
2 1 3329 3321 3331 XOR
2 1 3208 3216 3217 AND
2 1 3196 3218 3219 AND
2 1 3217 3219 3307 AND
2 1 3331 3307 3333 XOR
2 1 2262 2433 3299 AND
2 1 2267 2437 3300 AND
2 1 2269 2439 3301 AND
2 1 3300 3301 3302 AND
2 1 3299 3302 3303 AND
2 1 2329 2444 3304 AND
2 1 3303 3304 3305 AND
2 1 3305 951 3306 XOR
2 1 3333 3306 3335 XOR
2 1 3336 3335 3338 XOR
2 1 3346 3338 3348 XOR
2 1 3225 3233 3234 AND
2 1 3186 3235 3236 AND
2 1 3234 3236 3298 AND
2 1 3348 3298 3350 XOR
2 1 1337 1338 1339 AND
2 1 291 518 3272 AND
2 1 762 3272 3273 AND
2 1 1339 3273 3274 AND
2 1 223 2152 3265 AND
2 1 156 701 3266 AND
2 1 3265 3266 3267 AND
2 1 433 3267 3268 AND
2 1 101 153 3269 AND
2 1 155 3269 3270 AND
2 1 3268 3270 3271 AND
2 1 911 3271 3275 AND
2 1 3274 3275 3276 AND
2 1 2151 3276 3277 AND
2 1 342 446 3278 AND
2 1 471 3278 3279 AND
2 1 3277 3279 3280 AND
2 1 301 3280 3281 AND
2 1 3065 3172 3264 AND
2 1 3281 3264 3282 XOR
2 1 2718 3282 3283 AND
2 1 2773 3066 3284 AND
2 1 2777 3173 3285 AND
2 1 3284 3285 3286 AND
2 1 3283 3286 3287 AND
2 1 3282 3173 3293 XOR
2 1 2771 3173 3288 AND
2 1 3066 3288 3289 AND
2 1 3066 3173 3290 AND
2 1 3075 3290 3291 AND
2 1 3289 3291 3292 AND
2 1 3293 3292 3294 XOR
2 1 2717 3294 3295 AND
2 1 3287 3295 3296 AND
2 1 3296 268 3297 XOR
2 1 3350 3297 3352 XOR
2 1 3371 3352 3373 XOR
2 1 3185 3237 3238 AND
2 1 3054 3079 3241 AND
2 1 3239 3241 3242 AND
2 1 3003 3080 3243 AND
2 1 3242 3243 3244 AND
2 1 3238 3244 3353 AND
2 1 3373 3353 3374 XOR
2 1 3245 3255 3256 AND
2 1 3152 3257 3258 AND
2 1 3256 3258 3263 AND
2 1 3374 3263 3379 XOR
2 1 3259 3260 3261 AND
2 1 3379 3261 3381 XOR
2 1 3383 3381 3384 XOR
2 1 3262 3381 3477 AND
2 1 3382 3477 3478 AND
2 1 270 3066 3455 AND
2 1 2266 2776 3456 AND
2 1 2270 2771 3457 AND
2 1 3456 3457 3458 AND
2 1 3455 3458 3459 AND
2 1 2274 3076 3460 AND
2 1 3459 3460 3461 AND
2 1 3461 260 3462 XOR
2 1 3306 3333 3334 AND
2 1 3335 3336 3337 AND
2 1 3334 3337 3452 AND
2 1 2267 2359 3438 AND
2 1 2278 2355 3439 AND
2 1 2276 2357 3440 AND
2 1 3439 3440 3441 AND
2 1 3438 3441 3442 AND
2 1 2352 2596 3443 AND
2 1 3442 3443 3444 AND
2 1 3444 630 3445 XOR
2 1 498 2289 3434 AND
2 1 2280 2339 3427 AND
2 1 2284 2417 3428 AND
2 1 2282 2337 3429 AND
2 1 3428 3429 3430 AND
2 1 3427 3430 3431 AND
2 1 2344 2454 3432 AND
2 1 3431 3432 3433 AND
2 1 3434 3433 3435 XOR
2 1 3310 3319 3320 AND
2 1 498 2291 3424 AND
2 1 3317 3424 3425 AND
2 1 3320 3425 3426 AND
2 1 3435 3426 3437 XOR
2 1 3445 3437 3447 XOR
2 1 3321 3329 3330 AND
2 1 3307 3331 3332 AND
2 1 3330 3332 3423 AND
2 1 3447 3423 3449 XOR
2 1 2433 2774 3415 AND
2 1 2269 2437 3416 AND
2 1 2262 2439 3417 AND
2 1 3416 3417 3418 AND
2 1 3415 3418 3419 AND
2 1 2444 2815 3420 AND
2 1 3419 3420 3421 AND
2 1 3421 951 3422 XOR
2 1 3449 3422 3451 XOR
2 1 3452 3451 3454 XOR
2 1 3462 3454 3464 XOR
2 1 3338 3346 3347 AND
2 1 3298 3348 3349 AND
2 1 3347 3349 3414 AND
2 1 3464 3414 3466 XOR
2 1 2773 3173 3403 AND
2 1 2777 3282 3404 AND
2 1 3403 3404 3405 AND
2 1 3292 3173 3408 XOR
2 1 3292 3282 3409 XOR
2 1 3408 3409 3410 AND
2 1 2717 3410 3411 AND
2 1 3405 3411 3412 AND
2 1 3412 268 3413 XOR
2 1 3466 3413 3468 XOR
2 1 3297 3350 3351 AND
2 1 3352 3353 3354 AND
2 1 3351 3354 3402 AND
2 1 3468 3402 3469 XOR
2 1 116 383 3386 AND
2 1 321 3386 3387 AND
2 1 119 129 3388 AND
2 1 215 3388 3389 AND
2 1 3387 3389 3390 AND
2 1 391 571 3391 AND
2 1 3390 3391 3392 AND
2 1 752 3392 3393 AND
2 1 288 434 3394 AND
2 1 3127 3394 3395 AND
2 1 3393 3395 3396 AND
2 1 133 273 3397 AND
2 1 480 3397 3398 AND
2 1 3396 3398 3399 AND
2 1 301 482 3400 AND
2 1 3399 3400 3401 AND
2 1 3469 3401 3471 XOR
2 1 3353 3352 3355 XOR
2 1 3355 3371 3372 AND
2 1 3245 3255 3375 AND
2 1 3374 3375 3376 AND
2 1 3152 3256 3377 AND
2 1 3376 3377 3378 AND
2 1 3372 3378 3385 AND
2 1 3471 3385 3474 XOR
2 1 3261 3379 3380 AND
2 1 3474 3380 3476 XOR
2 1 3478 3476 3479 XOR
2 1 3476 3477 3570 AND
2 1 3382 3570 3571 AND
2 1 270 3173 3543 AND
2 1 2266 2771 3544 AND
2 1 2270 3066 3545 AND
2 1 3544 3545 3546 AND
2 1 3543 3546 3547 AND
2 1 2274 3181 3548 AND
2 1 3547 3548 3549 AND
2 1 3549 260 3550 XOR
2 1 3422 3449 3450 AND
2 1 3451 3452 3453 AND
2 1 3450 3453 3540 AND
2 1 2269 2359 3526 AND
2 1 2276 2355 3527 AND
2 1 2267 2357 3528 AND
2 1 3527 3528 3529 AND
2 1 3526 3529 3530 AND
2 1 2352 2584 3531 AND
2 1 3530 3531 3532 AND
2 1 3532 630 3533 XOR
2 1 498 2284 3522 AND
2 1 2278 2339 3515 AND
2 1 2282 2417 3516 AND
2 1 2280 2337 3517 AND
2 1 3516 3517 3518 AND
2 1 3515 3518 3519 AND
2 1 2344 2443 3520 AND
2 1 3519 3520 3521 AND
2 1 3522 3521 3523 XOR
2 1 3426 3435 3436 AND
2 1 498 2289 3512 AND
2 1 3433 3512 3513 AND
2 1 3436 3513 3514 AND
2 1 3523 3514 3525 XOR
2 1 3533 3525 3535 XOR
2 1 3437 3445 3446 AND
2 1 3423 3447 3448 AND
2 1 3446 3448 3511 AND
2 1 3535 3511 3537 XOR
2 1 2433 2776 3503 AND
2 1 2262 2437 3504 AND
2 1 2439 2774 3505 AND
2 1 3504 3505 3506 AND
2 1 3503 3506 3507 AND
2 1 2444 2804 3508 AND
2 1 3507 3508 3509 AND
2 1 3509 951 3510 XOR
2 1 3537 3510 3539 XOR
2 1 3540 3539 3542 XOR
2 1 3550 3542 3552 XOR
2 1 2773 3282 3499 AND
2 1 3173 3292 3406 AND
2 1 3282 3406 3407 AND
2 1 2717 3407 3500 AND
2 1 3499 3500 3501 AND
2 1 3501 268 3502 XOR
2 1 3552 3502 3554 XOR
2 1 3454 3462 3463 AND
2 1 3414 3464 3465 AND
2 1 3463 3465 3498 AND
2 1 3554 3498 3556 XOR
2 1 3413 3466 3467 AND
2 1 3351 3353 3493 AND
2 1 3297 3350 3494 AND
2 1 3468 3494 3495 AND
2 1 3493 3495 3496 AND
2 1 3467 3496 3497 AND
2 1 3556 3497 3558 XOR
2 1 372 2062 3480 AND
2 1 880 3480 3481 AND
2 1 3087 3481 3482 AND
2 1 1926 3482 3483 AND
2 1 330 683 3484 AND
2 1 3483 3484 3485 AND
2 1 1331 3485 3486 AND
2 1 162 292 3487 AND
2 1 345 3487 3488 AND
2 1 3486 3488 3489 AND
2 1 91 225 3490 AND
2 1 245 3490 3491 AND
2 1 3489 3491 3492 AND
2 1 3558 3492 3566 XOR
2 1 3401 3469 3470 AND
2 1 3385 3471 3472 AND
2 1 3470 3472 3473 AND
2 1 3566 3473 3567 XOR
2 1 3380 3474 3475 AND
2 1 3567 3475 3569 XOR
2 1 3571 3569 3572 XOR
2 1 3569 3570 3652 AND
2 1 3382 3652 3653 AND
2 1 270 3282 3629 AND
2 1 2266 3066 3630 AND
2 1 2270 3173 3631 AND
2 1 3630 3631 3632 AND
2 1 3629 3632 3633 AND
2 1 2274 3294 3634 AND
2 1 3633 3634 3635 AND
2 1 3635 260 3636 XOR
2 1 2433 2771 3617 AND
2 1 2437 2774 3618 AND
2 1 2439 2776 3619 AND
2 1 3618 3619 3620 AND
2 1 3617 3620 3621 AND
2 1 2444 2793 3622 AND
2 1 3621 3622 3623 AND
2 1 3623 951 3624 XOR
2 1 2262 2359 3606 AND
2 1 2267 2355 3607 AND
2 1 2269 2357 3608 AND
2 1 3607 3608 3609 AND
2 1 3606 3609 3610 AND
2 1 2329 2352 3611 AND
2 1 3610 3611 3612 AND
2 1 3612 630 3613 XOR
2 1 3514 3523 3524 AND
2 1 498 2284 3602 AND
2 1 3521 3602 3603 AND
2 1 3524 3603 3604 AND
2 1 498 2282 3598 AND
2 1 3598 268 3599 XOR
2 1 2276 2339 3588 AND
2 1 2280 2417 3589 AND
2 1 2278 2337 3590 AND
2 1 3589 3590 3591 AND
2 1 3588 3591 3592 AND
2 1 2344 2563 3593 AND
2 1 3592 3593 3594 AND
2 1 3594 498 3595 XOR
2 1 3599 3595 3601 XOR
2 1 3604 3601 3605 XOR
2 1 3613 3605 3615 XOR
2 1 3525 3533 3534 AND
2 1 3511 3535 3536 AND
2 1 3534 3536 3587 AND
2 1 3615 3587 3616 XOR
2 1 3624 3616 3626 XOR
2 1 3510 3537 3538 AND
2 1 3539 3540 3541 AND
2 1 3538 3541 3586 AND
2 1 3626 3586 3628 XOR
2 1 3636 3628 3638 XOR
2 1 3542 3550 3551 AND
2 1 3502 3552 3553 AND
2 1 3551 3553 3585 AND
2 1 3638 3585 3640 XOR
2 1 3498 3554 3555 AND
2 1 3497 3556 3557 AND
2 1 3555 3557 3584 AND
2 1 3640 3584 3645 XOR
2 1 321 472 3574 AND
2 1 276 3574 3575 AND
2 1 910 3575 3576 AND
2 1 2181 3576 3577 AND
2 1 700 3577 3578 AND
2 1 165 607 3579 AND
2 1 2138 3579 3580 AND
2 1 3578 3580 3581 AND
2 1 181 552 3582 AND
2 1 3581 3582 3583 AND
2 1 3645 3583 3647 XOR
2 1 3492 3558 3559 AND
2 1 3556 3492 3560 XOR
2 1 3560 3497 3561 XOR
2 1 3401 3469 3562 AND
2 1 3561 3562 3563 AND
2 1 3385 3470 3564 AND
2 1 3563 3564 3565 AND
2 1 3559 3565 3573 AND
2 1 3647 3573 3649 XOR
2 1 3475 3567 3568 AND
2 1 3649 3568 3651 XOR
2 1 3653 3651 3654 XOR
2 1 3651 3652 3738 AND
2 1 3382 3738 3739 AND
2 1 2266 3173 3716 AND
2 1 2270 3282 3717 AND
2 1 3716 3717 3718 AND
2 1 2274 3410 3719 AND
2 1 3718 3719 3720 AND
2 1 3720 260 3721 XOR
2 1 2359 2774 3700 AND
2 1 2269 2355 3701 AND
2 1 2262 2357 3702 AND
2 1 3701 3702 3703 AND
2 1 3700 3703 3704 AND
2 1 2352 2815 3705 AND
2 1 3704 3705 3706 AND
2 1 3706 630 3707 XOR
2 1 2267 2339 3690 AND
2 1 2278 2417 3691 AND
2 1 2276 2337 3692 AND
2 1 3691 3692 3693 AND
2 1 3690 3693 3694 AND
2 1 2344 2596 3695 AND
2 1 3694 3695 3696 AND
2 1 3696 498 3697 XOR
2 1 498 2280 3686 AND
2 1 3686 268 3687 XOR
2 1 268 498 3596 AND
2 1 2282 3596 3597 AND
2 1 3595 3599 3600 AND
2 1 3597 3600 3684 AND
2 1 3687 3684 3689 XOR
2 1 3697 3689 3699 XOR
2 1 3707 3699 3709 XOR
2 1 3605 3613 3614 AND
2 1 3601 3604 3682 AND
2 1 3614 3682 3683 AND
2 1 3709 3683 3711 XOR
2 1 2433 3066 3674 AND
2 1 2437 2776 3675 AND
2 1 2439 2771 3676 AND
2 1 3675 3676 3677 AND
2 1 3674 3677 3678 AND
2 1 2444 3076 3679 AND
2 1 3678 3679 3680 AND
2 1 3680 951 3681 XOR
2 1 3711 3681 3713 XOR
2 1 3616 3624 3625 AND
2 1 3587 3615 3672 AND
2 1 3625 3672 3673 AND
2 1 3713 3673 3715 XOR
2 1 3721 3715 3723 XOR
2 1 3586 3626 3627 AND
2 1 3628 3636 3637 AND
2 1 3627 3637 3671 AND
2 1 3723 3671 3725 XOR
2 1 292 334 3656 AND
2 1 448 3656 3657 AND
2 1 176 754 3658 AND
2 1 3657 3658 3659 AND
2 1 2041 3659 3660 AND
2 1 289 3660 3661 AND
2 1 3271 3661 3662 AND
2 1 344 3358 3663 AND
2 1 3662 3663 3664 AND
2 1 2744 3664 3665 AND
2 1 165 274 3666 AND
2 1 392 3666 3667 AND
2 1 3665 3667 3668 AND
2 1 224 3668 3669 AND
2 1 3725 3669 3729 XOR
2 1 3585 3638 3639 AND
2 1 3498 3554 3641 AND
2 1 3640 3641 3642 AND
2 1 3497 3555 3643 AND
2 1 3642 3643 3644 AND
2 1 3639 3644 3670 AND
2 1 3729 3670 3730 XOR
2 1 3583 3645 3646 AND
2 1 3573 3647 3648 AND
2 1 3646 3648 3655 AND
2 1 3730 3655 3735 XOR
2 1 3568 3649 3650 AND
2 1 3735 3650 3737 XOR
2 1 3739 3737 3740 XOR
2 1 3737 3738 3820 AND
2 1 3382 3820 3821 AND
2 1 2359 2776 3791 AND
2 1 2262 2355 3792 AND
2 1 2357 2774 3793 AND
2 1 3792 3793 3794 AND
2 1 3791 3794 3795 AND
2 1 2352 2804 3796 AND
2 1 3795 3796 3797 AND
2 1 3797 630 3798 XOR
2 1 2269 2339 3781 AND
2 1 2276 2417 3782 AND
2 1 2267 2337 3783 AND
2 1 3782 3783 3784 AND
2 1 3781 3784 3785 AND
2 1 2344 2584 3786 AND
2 1 3785 3786 3787 AND
2 1 3787 498 3788 XOR
2 1 498 2278 3777 AND
2 1 3777 268 3778 XOR
2 1 2280 3596 3685 AND
2 1 3684 3687 3688 AND
2 1 3685 3688 3775 AND
2 1 3778 3775 3780 XOR
2 1 3788 3780 3790 XOR
2 1 3798 3790 3800 XOR
2 1 3689 3697 3698 AND
2 1 3699 3707 3708 AND
2 1 3698 3708 3774 AND
2 1 3800 3774 3802 XOR
2 1 2433 3173 3766 AND
2 1 2437 2771 3767 AND
2 1 2439 3066 3768 AND
2 1 3767 3768 3769 AND
2 1 3766 3769 3770 AND
2 1 2444 3181 3771 AND
2 1 3770 3771 3772 AND
2 1 3772 951 3773 XOR
2 1 3802 3773 3804 XOR
2 1 3683 3709 3710 AND
2 1 3681 3711 3712 AND
2 1 3710 3712 3761 AND
2 1 3804 3761 3805 XOR
2 1 2266 3282 3762 AND
2 1 2274 3407 3763 AND
2 1 3762 3763 3764 AND
2 1 3764 260 3765 XOR
2 1 3805 3765 3806 XOR
2 1 3673 3713 3714 AND
2 1 3715 3721 3722 AND
2 1 3714 3722 3760 AND
2 1 3806 3760 3808 XOR
2 1 3671 3723 3724 AND
2 1 3670 3725 3726 AND
2 1 3724 3726 3759 AND
2 1 3808 3759 3813 XOR
2 1 905 2175 3750 AND
2 1 2760 3750 3751 AND
2 1 240 3751 3752 AND
2 1 291 1036 3742 AND
2 1 549 3742 3743 AND
2 1 2141 3743 3744 AND
2 1 143 344 3745 AND
2 1 2062 3745 3746 AND
2 1 3744 3746 3747 AND
2 1 332 911 3748 AND
2 1 3747 3748 3749 AND
2 1 137 312 3753 AND
2 1 3749 3753 3754 AND
2 1 3752 3754 3755 AND
2 1 169 422 3756 AND
2 1 3755 3756 3757 AND
2 1 135 3757 3758 AND
2 1 3813 3758 3815 XOR
2 1 3725 3670 3727 XOR
2 1 3669 3727 3728 AND
2 1 3583 3645 3731 AND
2 1 3730 3731 3732 AND
2 1 3573 3646 3733 AND
2 1 3732 3733 3734 AND
2 1 3728 3734 3741 AND
2 1 3815 3741 3817 XOR
2 1 3650 3735 3736 AND
2 1 3817 3736 3819 XOR
2 1 3821 3819 3822 XOR
2 1 3819 3820 3896 AND
2 1 3382 3896 3897 AND
2 1 756 865 3875 AND
2 1 3657 3875 3876 AND
2 1 2007 3876 3877 AND
2 1 116 181 3878 AND
2 1 3749 3878 3879 AND
2 1 3877 3879 3880 AND
2 1 124 205 3881 AND
2 1 1009 3881 3882 AND
2 1 3880 3882 3883 AND
2 1 155 420 3884 AND
2 1 3883 3884 3885 AND
2 1 2359 2771 3857 AND
2 1 2355 2774 3858 AND
2 1 2357 2776 3859 AND
2 1 3858 3859 3860 AND
2 1 3857 3860 3861 AND
2 1 2352 2793 3862 AND
2 1 3861 3862 3863 AND
2 1 3863 630 3864 XOR
2 1 268 260 3851 XOR
2 1 498 2276 3849 AND
2 1 3851 3849 3853 XOR
2 1 2262 2339 3841 AND
2 1 2267 2417 3842 AND
2 1 2269 2337 3843 AND
2 1 3842 3843 3844 AND
2 1 3841 3844 3845 AND
2 1 2329 2344 3846 AND
2 1 3845 3846 3847 AND
2 1 3847 498 3848 XOR
2 1 3853 3848 3855 XOR
2 1 2278 3596 3776 AND
2 1 3775 3778 3779 AND
2 1 3776 3779 3840 AND
2 1 3855 3840 3856 XOR
2 1 3864 3856 3866 XOR
2 1 3780 3788 3789 AND
2 1 3790 3798 3799 AND
2 1 3789 3799 3839 AND
2 1 3866 3839 3868 XOR
2 1 2433 3282 3829 AND
2 1 2437 3066 3830 AND
2 1 2439 3173 3831 AND
2 1 3830 3831 3832 AND
2 1 3829 3832 3833 AND
2 1 2444 3294 3834 AND
2 1 3833 3834 3835 AND
2 1 3835 951 3836 XOR
2 1 3774 3800 3801 AND
2 1 3773 3802 3803 AND
2 1 3801 3803 3828 AND
2 1 3836 3828 3838 XOR
2 1 3868 3838 3870 XOR
2 1 3761 3804 3824 AND
2 1 3761 3804 3825 AND
2 1 3765 3825 3826 AND
2 1 3824 3826 3827 AND
2 1 3870 3827 3871 XOR
2 1 3885 3871 3887 XOR
2 1 3760 3806 3807 AND
2 1 3671 3723 3809 AND
2 1 3808 3809 3810 AND
2 1 3670 3724 3811 AND
2 1 3810 3811 3812 AND
2 1 3807 3812 3872 AND
2 1 3887 3872 3888 XOR
2 1 3758 3813 3814 AND
2 1 3741 3815 3816 AND
2 1 3814 3816 3823 AND
2 1 3888 3823 3893 XOR
2 1 3736 3817 3818 AND
2 1 3893 3818 3895 XOR
2 1 3897 3895 3898 XOR
2 1 3895 3896 3974 AND
2 1 3382 3974 3975 AND
2 1 2359 3066 3947 AND
2 1 2355 2776 3948 AND
2 1 2357 2771 3949 AND
2 1 3948 3949 3950 AND
2 1 3947 3950 3951 AND
2 1 2352 3076 3952 AND
2 1 3951 3952 3953 AND
2 1 3953 630 3954 XOR
2 1 2339 2774 3935 AND
2 1 2269 2417 3936 AND
2 1 2262 2337 3937 AND
2 1 3936 3937 3938 AND
2 1 3935 3938 3939 AND
2 1 2344 2815 3940 AND
2 1 3939 3940 3941 AND
2 1 3941 498 3942 XOR
2 1 260 268 3850 AND
2 1 3849 3851 3852 AND
2 1 3850 3852 3932 AND
2 1 498 2267 3931 AND
2 1 3932 3931 3934 XOR
2 1 3942 3934 3944 XOR
2 1 3848 3853 3854 AND
2 1 3840 3855 3929 AND
2 1 3854 3929 3930 AND
2 1 3944 3930 3946 XOR
2 1 3954 3946 3956 XOR
2 1 3856 3864 3865 AND
2 1 3839 3866 3867 AND
2 1 3865 3867 3928 AND
2 1 3956 3928 3958 XOR
2 1 2437 3173 3922 AND
2 1 2439 3282 3923 AND
2 1 3922 3923 3924 AND
2 1 2444 3410 3925 AND
2 1 3924 3925 3926 AND
2 1 3926 951 3927 XOR
2 1 3958 3927 3960 XOR
2 1 3828 3836 3837 AND
2 1 3838 3868 3869 AND
2 1 3837 3869 3921 AND
2 1 3960 3921 3962 XOR
2 1 3871 3872 3873 AND
2 1 3827 3870 3919 AND
2 1 3873 3919 3920 AND
2 1 3962 3920 3967 XOR
2 1 572 1911 3900 AND
2 1 206 208 3901 AND
2 1 3900 3901 3902 AND
2 1 152 3902 3903 AND
2 1 154 212 3904 AND
2 1 421 3904 3905 AND
2 1 3903 3905 3906 AND
2 1 91 198 3907 AND
2 1 3906 3907 3908 AND
2 1 896 2064 3909 AND
2 1 914 3909 3910 AND
2 1 3108 3910 3911 AND
2 1 244 383 3912 AND
2 1 3911 3912 3913 AND
2 1 3908 3913 3914 AND
2 1 194 211 3915 AND
2 1 336 3915 3916 AND
2 1 3914 3916 3917 AND
2 1 2060 3917 3918 AND
2 1 3967 3918 3969 XOR
2 1 3872 3871 3874 XOR
2 1 3874 3885 3886 AND
2 1 3758 3813 3889 AND
2 1 3888 3889 3890 AND
2 1 3741 3814 3891 AND
2 1 3890 3891 3892 AND
2 1 3886 3892 3899 AND
2 1 3969 3899 3971 XOR
2 1 3818 3893 3894 AND
2 1 3971 3894 3973 XOR
2 1 3975 3973 3976 XOR
2 1 3973 3974 4036 AND
2 1 3382 4036 4037 AND
2 1 2437 3282 4014 AND
2 1 2444 3407 4015 AND
2 1 4014 4015 4016 AND
2 1 4016 951 4017 XOR
2 1 3930 3944 3945 AND
2 1 3946 3954 3955 AND
2 1 3945 3955 4013 AND
2 1 4017 4013 4019 XOR
2 1 2359 3173 4003 AND
2 1 2355 2771 4004 AND
2 1 2357 3066 4005 AND
2 1 4004 4005 4006 AND
2 1 4003 4006 4007 AND
2 1 2352 3181 4008 AND
2 1 4007 4008 4009 AND
2 1 4009 630 4010 XOR
2 1 498 2323 3999 AND
2 1 2339 2776 3991 AND
2 1 2262 2417 3992 AND
2 1 2337 2774 3993 AND
2 1 3992 3993 3994 AND
2 1 3991 3994 3995 AND
2 1 2344 2804 3996 AND
2 1 3995 3996 3997 AND
2 1 3997 498 3998 XOR
2 1 3999 3998 4001 XOR
2 1 3931 3932 3933 AND
2 1 3934 3942 3943 AND
2 1 3933 3943 3990 AND
2 1 4001 3990 4002 XOR
2 1 4010 4002 4012 XOR
2 1 4019 4012 4021 XOR
2 1 3928 3956 3957 AND
2 1 3927 3958 3959 AND
2 1 3957 3959 3989 AND
2 1 4021 3989 4022 XOR
2 1 705 756 3978 AND
2 1 2732 3978 3979 AND
2 1 191 3979 3980 AND
2 1 2151 3980 3981 AND
2 1 302 312 3982 AND
2 1 2760 3982 3983 AND
2 1 3981 3983 3984 AND
2 1 120 212 3985 AND
2 1 221 3985 3986 AND
2 1 3984 3986 3987 AND
2 1 1335 3987 3988 AND
2 1 4022 3988 4027 XOR
2 1 3921 3960 3961 AND
2 1 3872 3919 3963 AND
2 1 3827 3870 3964 AND
2 1 3962 3964 3965 AND
2 1 3963 3965 3966 AND
2 1 3961 3966 4023 AND
2 1 4027 4023 4028 XOR
2 1 3918 3967 3968 AND
2 1 3899 3969 3970 AND
2 1 3968 3970 3977 AND
2 1 4028 3977 4033 XOR
2 1 3894 3971 3972 AND
2 1 4033 3972 4035 XOR
2 1 4037 4035 4038 XOR
2 1 4035 4036 4101 AND
2 1 3382 4101 4102 AND
2 1 2359 3282 4078 AND
2 1 2355 3066 4079 AND
2 1 2357 3173 4080 AND
2 1 4079 4080 4081 AND
2 1 4078 4081 4082 AND
2 1 2352 3294 4083 AND
2 1 4082 4083 4084 AND
2 1 4084 630 4085 XOR
2 1 2339 2771 4066 AND
2 1 2417 2774 4067 AND
2 1 2337 2776 4068 AND
2 1 4067 4068 4069 AND
2 1 4066 4069 4070 AND
2 1 2344 2793 4071 AND
2 1 4070 4071 4072 AND
2 1 4072 498 4073 XOR
2 1 3931 951 4062 XOR
2 1 498 2262 4057 AND
2 1 4062 4057 4063 XOR
2 1 3998 3999 4000 AND
2 1 498 3931 4054 AND
2 1 2269 4054 4055 AND
2 1 4000 4055 4056 AND
2 1 4063 4056 4065 XOR
2 1 4073 4065 4075 XOR
2 1 4085 4075 4086 XOR
2 1 4002 4010 4011 AND
2 1 3990 4001 4076 AND
2 1 4011 4076 4077 AND
2 1 4086 4077 4087 XOR
2 1 4013 4017 4018 AND
2 1 4012 4019 4020 AND
2 1 4018 4020 4053 AND
2 1 4087 4053 4089 XOR
2 1 4022 4023 4024 AND
2 1 3989 4021 4051 AND
2 1 4024 4051 4052 AND
2 1 4089 4052 4094 XOR
2 1 246 452 4040 AND
2 1 481 4040 4041 AND
2 1 618 4041 4042 AND
2 1 197 4042 4043 AND
2 1 1023 3096 4044 AND
2 1 4043 4044 4045 AND
2 1 287 912 4046 AND
2 1 2760 4046 4047 AND
2 1 4045 4047 4048 AND
2 1 179 290 4049 AND
2 1 4048 4049 4050 AND
2 1 4094 4050 4096 XOR
2 1 4023 4022 4025 XOR
2 1 3988 4025 4026 AND
2 1 3918 3967 4029 AND
2 1 4028 4029 4030 AND
2 1 3899 3968 4031 AND
2 1 4030 4031 4032 AND
2 1 4026 4032 4039 AND
2 1 4096 4039 4098 XOR
2 1 3972 4033 4034 AND
2 1 4098 4034 4100 XOR
2 1 4102 4100 4103 XOR
2 1 4100 4101 4153 AND
2 1 3382 4153 4154 AND
2 1 2355 3173 4131 AND
2 1 2357 3282 4132 AND
2 1 4131 4132 4133 AND
2 1 2352 3410 4134 AND
2 1 4133 4134 4135 AND
2 1 4135 630 4136 XOR
2 1 2339 3066 4119 AND
2 1 2417 2776 4120 AND
2 1 2337 2771 4121 AND
2 1 4120 4121 4122 AND
2 1 4119 4122 4123 AND
2 1 2344 3076 4124 AND
2 1 4123 4124 4125 AND
2 1 4125 498 4126 XOR
2 1 498 2774 4117 AND
2 1 951 3931 4058 AND
2 1 951 3931 4059 AND
2 1 4057 4059 4060 AND
2 1 4058 4060 4061 AND
2 1 4117 4061 4118 XOR
2 1 4126 4118 4128 XOR
2 1 4056 4063 4064 AND
2 1 4065 4073 4074 AND
2 1 4064 4074 4116 AND
2 1 4128 4116 4130 XOR
2 1 4136 4130 4138 XOR
2 1 4075 4085 4112 AND
2 1 4075 4085 4113 AND
2 1 4077 4113 4114 AND
2 1 4112 4114 4115 AND
2 1 4138 4115 4140 XOR
2 1 844 904 4105 AND
2 1 475 4105 4106 AND
2 1 3159 4106 4107 AND
2 1 311 429 4108 AND
2 1 4107 4108 4109 AND
2 1 599 4109 4110 AND
2 1 4140 4110 4144 XOR
2 1 4053 4087 4088 AND
2 1 4023 4051 4090 AND
2 1 3989 4021 4091 AND
2 1 4089 4091 4092 AND
2 1 4090 4092 4093 AND
2 1 4088 4093 4111 AND
2 1 4144 4111 4145 XOR
2 1 4050 4094 4095 AND
2 1 4039 4096 4097 AND
2 1 4095 4097 4104 AND
2 1 4145 4104 4150 XOR
2 1 4034 4098 4099 AND
2 1 4150 4099 4152 XOR
2 1 4154 4152 4155 XOR
2 1 4152 4153 4207 AND
2 1 3382 4207 4208 AND
2 1 498 2776 4187 AND
2 1 4187 4117 4189 XOR
2 1 4118 4126 4127 AND
2 1 4061 4117 4185 AND
2 1 4127 4185 4186 AND
2 1 4189 4186 4192 XOR
2 1 2339 3173 4175 AND
2 1 2417 2771 4176 AND
2 1 2337 3066 4177 AND
2 1 4176 4177 4178 AND
2 1 4175 4178 4179 AND
2 1 2344 3181 4180 AND
2 1 4179 4180 4181 AND
2 1 4181 498 4182 XOR
2 1 2355 3282 4171 AND
2 1 2352 3407 4172 AND
2 1 4171 4172 4173 AND
2 1 4173 630 4174 XOR
2 1 4182 4174 4184 XOR
2 1 4192 4184 4193 XOR
2 1 4116 4128 4129 AND
2 1 4130 4136 4137 AND
2 1 4129 4137 4170 AND
2 1 4193 4170 4195 XOR
2 1 4115 4138 4139 AND
2 1 4111 4140 4141 AND
2 1 4139 4141 4169 AND
2 1 4195 4169 4200 XOR
2 1 164 173 4157 AND
2 1 194 221 4158 AND
2 1 4157 4158 4159 AND
2 1 310 4159 4160 AND
2 1 880 2087 4161 AND
2 1 4160 4161 4162 AND
2 1 3390 4162 4163 AND
2 1 1977 4163 4164 AND
2 1 121 126 4165 AND
2 1 355 4165 4166 AND
2 1 4164 4166 4167 AND
2 1 198 4167 4168 AND
2 1 4200 4168 4202 XOR
2 1 4140 4111 4142 XOR
2 1 4110 4142 4143 AND
2 1 4050 4094 4146 AND
2 1 4145 4146 4147 AND
2 1 4039 4095 4148 AND
2 1 4147 4148 4149 AND
2 1 4143 4149 4156 AND
2 1 4202 4156 4204 XOR
2 1 4099 4150 4151 AND
2 1 4204 4151 4206 XOR
2 1 4208 4206 4209 XOR
2 1 4206 4207 4255 AND
2 1 3382 4255 4256 AND
2 1 4174 4182 4183 AND
2 1 4184 4192 4245 AND
2 1 4183 4245 4246 AND
2 1 498 2771 4239 AND
2 1 4187 630 4238 XOR
2 1 4239 4238 4241 XOR
2 1 2339 3282 4229 AND
2 1 2417 3066 4230 AND
2 1 2337 3173 4231 AND
2 1 4230 4231 4232 AND
2 1 4229 4232 4233 AND
2 1 2344 3294 4234 AND
2 1 4233 4234 4235 AND
2 1 4235 498 4236 XOR
2 1 4241 4236 4243 XOR
2 1 4117 4187 4188 AND
2 1 4186 4189 4190 AND
2 1 4188 4190 4191 AND
2 1 4243 4191 4244 XOR
2 1 4246 4244 4248 XOR
2 1 4170 4193 4194 AND
2 1 4115 4138 4196 AND
2 1 4195 4196 4197 AND
2 1 4111 4139 4198 AND
2 1 4197 4198 4199 AND
2 1 4194 4199 4228 AND
2 1 4248 4228 4250 XOR
2 1 181 369 4211 AND
2 1 242 335 4212 AND
2 1 4211 4212 4213 AND
2 1 101 4213 4214 AND
2 1 143 3358 4215 AND
2 1 4214 4215 4216 AND
2 1 915 4216 4217 AND
2 1 286 4217 4218 AND
2 1 1908 4218 4219 AND
2 1 183 318 4220 AND
2 1 3127 4220 4221 AND
2 1 4219 4221 4222 AND
2 1 129 156 4223 AND
2 1 244 4223 4224 AND
2 1 4222 4224 4225 AND
2 1 326 446 4226 AND
2 1 4225 4226 4227 AND
2 1 4250 4227 4251 XOR
2 1 4168 4200 4201 AND
2 1 4156 4202 4203 AND
2 1 4201 4203 4210 AND
2 1 4251 4210 4252 XOR
2 1 4151 4204 4205 AND
2 1 4252 4205 4254 XOR
2 1 4256 4254 4257 XOR
2 1 4254 4255 4304 AND
2 1 3382 4304 4305 AND
2 1 4227 4250 4296 AND
2 1 2417 3173 4279 AND
2 1 2337 3282 4280 AND
2 1 4279 4280 4281 AND
2 1 2344 3410 4282 AND
2 1 4281 4282 4283 AND
2 1 4283 498 4284 XOR
2 1 630 4187 4237 AND
2 1 4238 4239 4240 AND
2 1 4237 4240 4276 AND
2 1 498 3066 4275 AND
2 1 4276 4275 4278 XOR
2 1 4284 4278 4286 XOR
2 1 4236 4241 4242 AND
2 1 4191 4243 4273 AND
2 1 4242 4273 4274 AND
2 1 4286 4274 4288 XOR
2 1 2087 2152 4258 AND
2 1 449 4258 4259 AND
2 1 902 4259 4260 AND
2 1 918 1320 4261 AND
2 1 4260 4261 4262 AND
2 1 1920 4262 4263 AND
2 1 125 163 4264 AND
2 1 2760 4264 4265 AND
2 1 4263 4265 4266 AND
2 1 114 318 4267 AND
2 1 345 4267 4268 AND
2 1 4266 4268 4269 AND
2 1 311 482 4270 AND
2 1 4269 4270 4271 AND
2 1 4288 4271 4292 XOR
2 1 4244 4246 4247 AND
2 1 4228 4248 4249 AND
2 1 4247 4249 4272 AND
2 1 4292 4272 4293 XOR
2 1 4296 4293 4300 XOR
2 1 4210 4251 4299 AND
2 1 4300 4299 4301 XOR
2 1 4205 4252 4253 AND
2 1 4301 4253 4303 XOR
2 1 4305 4303 4306 XOR
2 1 4303 4304 4342 AND
2 1 3382 4342 4343 AND
2 1 4274 4286 4287 AND
2 1 4272 4288 4289 AND
2 1 4287 4289 4332 AND
2 1 4275 4276 4277 AND
2 1 4278 4284 4285 AND
2 1 4277 4285 4329 AND
2 1 498 3180 4326 AND
2 1 2417 3282 4322 AND
2 1 2344 3407 4323 AND
2 1 4322 4323 4324 AND
2 1 4324 498 4325 XOR
2 1 4326 4325 4328 XOR
2 1 4329 4328 4331 XOR
2 1 4332 4331 4334 XOR
2 1 241 303 4308 AND
2 1 312 4308 4309 AND
2 1 1065 4309 4310 AND
2 1 319 905 4311 AND
2 1 4160 4311 4312 AND
2 1 4310 4312 4313 AND
2 1 114 1034 4314 AND
2 1 2095 4314 4315 AND
2 1 4313 4315 4316 AND
2 1 204 213 4317 AND
2 1 331 4317 4318 AND
2 1 4316 4318 4319 AND
2 1 482 684 4320 AND
2 1 4319 4320 4321 AND
2 1 4334 4321 4336 XOR
2 1 4288 4272 4290 XOR
2 1 4271 4290 4291 AND
2 1 4227 4250 4294 AND
2 1 4293 4294 4295 AND
2 1 4210 4296 4297 AND
2 1 4295 4297 4298 AND
2 1 4291 4298 4307 AND
2 1 4336 4307 4339 XOR
2 1 4253 4301 4302 AND
2 1 4339 4302 4341 XOR
2 1 4343 4341 4344 XOR
2 1 4341 4342 4366 AND
2 1 3382 4366 4367 AND
2 1 4275 3282 4358 XOR
2 1 498 4358 4359 AND
2 1 4325 4326 4327 AND
2 1 498 3066 4355 AND
2 1 3173 4355 4356 AND
2 1 4327 4356 4357 AND
2 1 4359 4357 4360 XOR
2 1 4328 4329 4330 AND
2 1 4331 4332 4333 AND
2 1 4330 4333 4354 AND
2 1 4360 4354 4361 XOR
2 1 601 1979 4345 AND
2 1 4214 4345 4346 AND
2 1 2037 4346 4347 AND
2 1 220 451 4348 AND
2 1 3130 4348 4349 AND
2 1 4347 4349 4350 AND
2 1 195 422 4351 AND
2 1 453 4351 4352 AND
2 1 4350 4352 4353 AND
2 1 4361 4353 4362 XOR
2 1 4321 4334 4335 AND
2 1 4307 4336 4337 AND
2 1 4335 4337 4338 AND
2 1 4362 4338 4363 XOR
2 1 4302 4339 4340 AND
2 1 4363 4340 4365 XOR
2 1 4367 4365 4368 XOR
2 1 4365 4366 4389 AND
2 1 3382 4389 4390 AND
2 1 4353 4361 4380 AND
2 1 246 839 4369 AND
2 1 723 4369 4370 AND
2 1 145 4370 4371 AND
2 1 534 915 4372 AND
2 1 4371 4372 4373 AND
2 1 2744 4373 4374 AND
2 1 126 194 4375 AND
2 1 272 4375 4376 AND
2 1 4374 4376 4377 AND
2 1 202 343 4378 AND
2 1 4377 4378 4379 AND
2 1 4380 4379 4386 XOR
2 1 4338 4362 4385 AND
2 1 4386 4385 4387 XOR
2 1 4340 4363 4364 AND
2 1 4387 4364 4388 XOR
2 1 4390 4388 4391 XOR
2 1 4388 4389 4410 AND
2 1 3382 4410 4411 AND
2 1 4364 4387 4392 AND
2 1 571 1072 4393 AND
2 1 1900 4393 4394 AND
2 1 551 4394 4395 AND
2 1 921 1027 4396 AND
2 1 3105 4396 4397 AND
2 1 4395 4397 4398 AND
2 1 163 194 4399 AND
2 1 214 4399 4400 AND
2 1 4398 4400 4401 AND
2 1 225 332 4402 AND
2 1 4401 4402 4403 AND
2 1 4379 4380 4381 AND
2 1 4353 4361 4382 AND
2 1 4338 4382 4383 AND
2 1 4381 4383 4384 AND
2 1 4403 4384 4406 XOR
2 1 4392 4406 4407 AND
2 1 4384 4403 4405 AND
2 1 4392 4405 4408 AND
2 1 4407 4408 4409 AND
2 1 4411 4409 4412 XOR
2 1 4409 4410 4429 AND
2 1 3382 4429 4430 AND
2 1 348 2249 4413 AND
2 1 3657 4413 4414 AND
2 1 4310 4414 4415 AND
2 1 131 139 4416 AND
2 1 872 4416 4417 AND
2 1 4415 4417 4418 AND
2 1 127 195 4419 AND
2 1 421 4419 4420 AND
2 1 4418 4420 4421 AND
2 1 193 273 4422 AND
2 1 4421 4422 4423 AND
2 1 4384 4403 4404 AND
2 1 4423 4404 4426 XOR
2 1 4426 4408 4428 XOR
2 1 4430 4428 4431 XOR
2 1 4428 4429 4450 AND
2 1 3382 4450 4451 AND
2 1 4408 4426 4427 AND
2 1 176 435 4432 AND
2 1 478 4432 4433 AND
2 1 934 4433 4434 AND
2 1 181 344 4435 AND
2 1 3908 4435 4436 AND
2 1 4434 4436 4437 AND
2 1 205 214 4438 AND
2 1 287 4438 4439 AND
2 1 4437 4439 4440 AND
2 1 237 517 4441 AND
2 1 4440 4441 4442 AND
2 1 4403 4423 4424 AND
2 1 4384 4424 4425 AND
2 1 4442 4425 4446 XOR
2 1 4427 4446 4447 AND
2 1 4425 4442 4445 AND
2 1 4427 4445 4448 AND
2 1 4447 4448 4449 AND
2 1 4451 4449 4452 XOR
2 1 4449 4450 4462 AND
2 1 3382 4462 4463 AND
2 1 465 3056 4453 AND
2 1 318 335 4454 AND
2 1 4453 4454 4455 AND
2 1 419 4455 4456 AND
2 1 4424 4442 4443 AND
2 1 4384 4443 4444 AND
2 1 4456 4444 4458 XOR
2 1 4458 4448 4461 XOR
2 1 4463 4461 4464 XOR
2 1 4461 4462 4472 AND
2 1 3382 4472 4473 AND
2 1 4445 4458 4459 AND
2 1 4427 4459 4460 AND
2 1 419 493 4465 AND
2 1 4444 4456 4457 AND
2 1 4465 4457 4468 XOR
2 1 4460 4468 4469 AND
2 1 4457 4465 4467 AND
2 1 4460 4467 4470 AND
2 1 4469 4470 4471 AND
2 1 4473 4471 4474 XOR
2 1 55 109 4475 AND
2 1 4457 4465 4466 AND
2 1 4466 4470 4476 AND
2 1 4476 3382 4480 XOR
2 1 3382 4471 4478 AND
2 1 4472 4478 4479 AND
2 1 4480 4479 4481 XOR
2 1 4475 4481 4482 AND
2 1 4471 4472 4477 AND
2 1 4475 4476 4483 AND
2 1 4477 4483 4484 AND
2 1 3382 4484 4485 AND