2 1 128 0 257 XOR
2 1 129 1 259 XOR
2 1 0 128 258 AND
2 1 259 258 260 XOR
2 1 1 129 264 AND
3 1 130 2 264 265 XOR3
3 1 258 259 265 267 AND-XOR
2 1 131 3 273 XOR
2 1 1 129 269 AND
3 1 2 130 269 270 AND3
3 1 258 264 270 271 AND3
3 1 2 130 271 272 AND3
2 1 273 272 274 XOR
2 1 3 131 278 AND
3 1 132 4 278 279 XOR3
3 1 272 273 279 281 AND-XOR
2 1 133 5 287 XOR
3 1 3 131 272 283 AND3
3 1 4 132 278 284 AND3
2 1 283 284 285 AND
3 1 4 132 285 286 AND3
2 1 287 286 288 XOR
2 1 5 133 292 AND
3 1 134 6 292 293 XOR3
3 1 286 287 293 295 AND-XOR
2 1 135 7 301 XOR
3 1 5 133 286 297 AND3
3 1 6 134 292 298 AND3
2 1 297 298 299 AND
3 1 6 134 299 300 AND3
2 1 301 300 302 XOR
2 1 7 135 306 AND
3 1 136 8 306 307 XOR3
3 1 300 301 307 309 AND-XOR
2 1 137 9 315 XOR
3 1 7 135 300 311 AND3
3 1 8 136 306 312 AND3
2 1 311 312 313 AND
3 1 8 136 313 314 AND3
2 1 315 314 316 XOR
2 1 9 137 320 AND
3 1 138 10 320 321 XOR3
3 1 314 315 321 323 AND-XOR
2 1 139 11 329 XOR
3 1 9 137 314 325 AND3
3 1 10 138 320 326 AND3
2 1 325 326 327 AND
3 1 10 138 327 328 AND3
2 1 329 328 330 XOR
2 1 11 139 334 AND
3 1 140 12 334 335 XOR3
3 1 328 329 335 337 AND-XOR
2 1 141 13 343 XOR
3 1 11 139 328 339 AND3
3 1 12 140 334 340 AND3
2 1 339 340 341 AND
3 1 12 140 341 342 AND3
2 1 343 342 344 XOR
2 1 13 141 348 AND
3 1 142 14 348 349 XOR3
3 1 342 343 349 351 AND-XOR
2 1 143 15 357 XOR
3 1 13 141 342 353 AND3
3 1 14 142 348 354 AND3
2 1 353 354 355 AND
3 1 14 142 355 356 AND3
2 1 357 356 358 XOR
2 1 15 143 362 AND
3 1 144 16 362 363 XOR3
3 1 356 357 363 365 AND-XOR
2 1 145 17 371 XOR
3 1 15 143 356 367 AND3
3 1 16 144 362 368 AND3
2 1 367 368 369 AND
3 1 16 144 369 370 AND3
2 1 371 370 372 XOR
2 1 17 145 376 AND
3 1 146 18 376 377 XOR3
3 1 370 371 377 379 AND-XOR
2 1 147 19 385 XOR
3 1 17 145 370 381 AND3
3 1 18 146 376 382 AND3
2 1 381 382 383 AND
3 1 18 146 383 384 AND3
2 1 385 384 386 XOR
2 1 19 147 390 AND
3 1 148 20 390 391 XOR3
3 1 384 385 391 393 AND-XOR
2 1 149 21 399 XOR
3 1 19 147 384 395 AND3
3 1 20 148 390 396 AND3
2 1 395 396 397 AND
3 1 20 148 397 398 AND3
2 1 399 398 400 XOR
2 1 21 149 404 AND
3 1 150 22 404 405 XOR3
3 1 398 399 405 407 AND-XOR
2 1 151 23 413 XOR
3 1 21 149 398 409 AND3
3 1 22 150 404 410 AND3
2 1 409 410 411 AND
3 1 22 150 411 412 AND3
2 1 413 412 414 XOR
2 1 23 151 418 AND
3 1 152 24 418 419 XOR3
3 1 412 413 419 421 AND-XOR
2 1 153 25 427 XOR
3 1 23 151 412 423 AND3
3 1 24 152 418 424 AND3
2 1 423 424 425 AND
3 1 24 152 425 426 AND3
2 1 427 426 428 XOR
2 1 25 153 432 AND
3 1 154 26 432 433 XOR3
3 1 426 427 433 435 AND-XOR
2 1 155 27 441 XOR
3 1 25 153 426 437 AND3
3 1 26 154 432 438 AND3
2 1 437 438 439 AND
3 1 26 154 439 440 AND3
2 1 441 440 442 XOR
2 1 27 155 446 AND
3 1 156 28 446 447 XOR3
3 1 440 441 447 449 AND-XOR
2 1 157 29 455 XOR
3 1 27 155 440 451 AND3
3 1 28 156 446 452 AND3
2 1 451 452 453 AND
3 1 28 156 453 454 AND3
2 1 455 454 456 XOR
2 1 29 157 460 AND
3 1 158 30 460 461 XOR3
3 1 454 455 461 463 AND-XOR
2 1 159 31 469 XOR
3 1 29 157 454 465 AND3
3 1 30 158 460 466 AND3
2 1 465 466 467 AND
3 1 30 158 467 468 AND3
2 1 469 468 470 XOR
2 1 31 159 474 AND
3 1 160 32 474 475 XOR3
3 1 468 469 475 477 AND-XOR
2 1 161 33 483 XOR
3 1 31 159 468 479 AND3
3 1 32 160 474 480 AND3
2 1 479 480 481 AND
3 1 32 160 481 482 AND3
2 1 483 482 484 XOR
2 1 33 161 488 AND
3 1 162 34 488 489 XOR3
3 1 482 483 489 491 AND-XOR
2 1 163 35 497 XOR
3 1 33 161 482 493 AND3
3 1 34 162 488 494 AND3
2 1 493 494 495 AND
3 1 34 162 495 496 AND3
2 1 497 496 498 XOR
2 1 35 163 502 AND
3 1 164 36 502 503 XOR3
3 1 496 497 503 505 AND-XOR
2 1 165 37 511 XOR
3 1 35 163 496 507 AND3
3 1 36 164 502 508 AND3
2 1 507 508 509 AND
3 1 36 164 509 510 AND3
2 1 511 510 512 XOR
2 1 37 165 516 AND
3 1 166 38 516 517 XOR3
3 1 510 511 517 519 AND-XOR
2 1 167 39 525 XOR
3 1 37 165 510 521 AND3
3 1 38 166 516 522 AND3
2 1 521 522 523 AND
3 1 38 166 523 524 AND3
2 1 525 524 526 XOR
2 1 39 167 530 AND
3 1 168 40 530 531 XOR3
3 1 524 525 531 533 AND-XOR
2 1 169 41 539 XOR
3 1 39 167 524 535 AND3
3 1 40 168 530 536 AND3
2 1 535 536 537 AND
3 1 40 168 537 538 AND3
2 1 539 538 540 XOR
2 1 41 169 544 AND
3 1 170 42 544 545 XOR3
3 1 538 539 545 547 AND-XOR
2 1 171 43 553 XOR
3 1 41 169 538 549 AND3
3 1 42 170 544 550 AND3
2 1 549 550 551 AND
3 1 42 170 551 552 AND3
2 1 553 552 554 XOR
2 1 43 171 558 AND
3 1 172 44 558 559 XOR3
3 1 552 553 559 561 AND-XOR
2 1 173 45 567 XOR
3 1 43 171 552 563 AND3
3 1 44 172 558 564 AND3
2 1 563 564 565 AND
3 1 44 172 565 566 AND3
2 1 567 566 568 XOR
2 1 45 173 572 AND
3 1 174 46 572 573 XOR3
3 1 566 567 573 575 AND-XOR
2 1 175 47 581 XOR
3 1 45 173 566 577 AND3
3 1 46 174 572 578 AND3
2 1 577 578 579 AND
3 1 46 174 579 580 AND3
2 1 581 580 582 XOR
2 1 47 175 586 AND
3 1 176 48 586 587 XOR3
3 1 580 581 587 589 AND-XOR
2 1 177 49 595 XOR
3 1 47 175 580 591 AND3
3 1 48 176 586 592 AND3
2 1 591 592 593 AND
3 1 48 176 593 594 AND3
2 1 595 594 596 XOR
2 1 49 177 600 AND
3 1 178 50 600 601 XOR3
3 1 594 595 601 603 AND-XOR
2 1 179 51 609 XOR
3 1 49 177 594 605 AND3
3 1 50 178 600 606 AND3
2 1 605 606 607 AND
3 1 50 178 607 608 AND3
2 1 609 608 610 XOR
2 1 51 179 614 AND
3 1 180 52 614 615 XOR3
3 1 608 609 615 617 AND-XOR
2 1 181 53 623 XOR
3 1 51 179 608 619 AND3
3 1 52 180 614 620 AND3
2 1 619 620 621 AND
3 1 52 180 621 622 AND3
2 1 623 622 624 XOR
2 1 53 181 628 AND
3 1 182 54 628 629 XOR3
3 1 622 623 629 631 AND-XOR
2 1 183 55 637 XOR
3 1 53 181 622 633 AND3
3 1 54 182 628 634 AND3
2 1 633 634 635 AND
3 1 54 182 635 636 AND3
2 1 637 636 638 XOR
2 1 55 183 642 AND
3 1 184 56 642 643 XOR3
3 1 636 637 643 645 AND-XOR
2 1 185 57 651 XOR
3 1 55 183 636 647 AND3
3 1 56 184 642 648 AND3
2 1 647 648 649 AND
3 1 56 184 649 650 AND3
2 1 651 650 652 XOR
2 1 57 185 656 AND
3 1 186 58 656 657 XOR3
3 1 650 651 657 659 AND-XOR
2 1 187 59 665 XOR
3 1 57 185 650 661 AND3
3 1 58 186 656 662 AND3
2 1 661 662 663 AND
3 1 58 186 663 664 AND3
2 1 665 664 666 XOR
2 1 59 187 670 AND
3 1 188 60 670 671 XOR3
3 1 664 665 671 673 AND-XOR
2 1 189 61 679 XOR
3 1 59 187 664 675 AND3
3 1 60 188 670 676 AND3
2 1 675 676 677 AND
3 1 60 188 677 678 AND3
2 1 679 678 680 XOR
2 1 61 189 684 AND
3 1 190 62 684 685 XOR3
3 1 678 679 685 687 AND-XOR
2 1 191 63 693 XOR
3 1 61 189 678 689 AND3
3 1 62 190 684 690 AND3
2 1 689 690 691 AND
3 1 62 190 691 692 AND3
2 1 693 692 694 XOR
2 1 63 191 698 AND
3 1 192 64 698 699 XOR3
3 1 692 693 699 701 AND-XOR
2 1 193 65 707 XOR
3 1 63 191 692 703 AND3
3 1 64 192 698 704 AND3
2 1 703 704 705 AND
3 1 64 192 705 706 AND3
2 1 707 706 708 XOR
2 1 65 193 712 AND
3 1 194 66 712 713 XOR3
3 1 706 707 713 715 AND-XOR
2 1 195 67 721 XOR
3 1 65 193 706 717 AND3
3 1 66 194 712 718 AND3
2 1 717 718 719 AND
3 1 66 194 719 720 AND3
2 1 721 720 722 XOR
2 1 67 195 726 AND
3 1 196 68 726 727 XOR3
3 1 720 721 727 729 AND-XOR
2 1 197 69 735 XOR
3 1 67 195 720 731 AND3
3 1 68 196 726 732 AND3
2 1 731 732 733 AND
3 1 68 196 733 734 AND3
2 1 735 734 736 XOR
2 1 69 197 740 AND
3 1 198 70 740 741 XOR3
3 1 734 735 741 743 AND-XOR
2 1 199 71 749 XOR
3 1 69 197 734 745 AND3
3 1 70 198 740 746 AND3
2 1 745 746 747 AND
3 1 70 198 747 748 AND3
2 1 749 748 750 XOR
2 1 71 199 754 AND
3 1 200 72 754 755 XOR3
3 1 748 749 755 757 AND-XOR
2 1 201 73 763 XOR
3 1 71 199 748 759 AND3
3 1 72 200 754 760 AND3
2 1 759 760 761 AND
3 1 72 200 761 762 AND3
2 1 763 762 764 XOR
2 1 73 201 768 AND
3 1 202 74 768 769 XOR3
3 1 762 763 769 771 AND-XOR
2 1 203 75 777 XOR
3 1 73 201 762 773 AND3
3 1 74 202 768 774 AND3
2 1 773 774 775 AND
3 1 74 202 775 776 AND3
2 1 777 776 778 XOR
2 1 75 203 782 AND
3 1 204 76 782 783 XOR3
3 1 776 777 783 785 AND-XOR
2 1 205 77 791 XOR
3 1 75 203 776 787 AND3
3 1 76 204 782 788 AND3
2 1 787 788 789 AND
3 1 76 204 789 790 AND3
2 1 791 790 792 XOR
2 1 77 205 796 AND
3 1 206 78 796 797 XOR3
3 1 790 791 797 799 AND-XOR
2 1 207 79 805 XOR
3 1 77 205 790 801 AND3
3 1 78 206 796 802 AND3
2 1 801 802 803 AND
3 1 78 206 803 804 AND3
2 1 805 804 806 XOR
2 1 79 207 810 AND
3 1 208 80 810 811 XOR3
3 1 804 805 811 813 AND-XOR
2 1 209 81 819 XOR
3 1 79 207 804 815 AND3
3 1 80 208 810 816 AND3
2 1 815 816 817 AND
3 1 80 208 817 818 AND3
2 1 819 818 820 XOR
2 1 81 209 824 AND
3 1 210 82 824 825 XOR3
3 1 818 819 825 827 AND-XOR
2 1 211 83 833 XOR
3 1 81 209 818 829 AND3
3 1 82 210 824 830 AND3
2 1 829 830 831 AND
3 1 82 210 831 832 AND3
2 1 833 832 834 XOR
2 1 83 211 838 AND
3 1 212 84 838 839 XOR3
3 1 832 833 839 841 AND-XOR
2 1 213 85 847 XOR
3 1 83 211 832 843 AND3
3 1 84 212 838 844 AND3
2 1 843 844 845 AND
3 1 84 212 845 846 AND3
2 1 847 846 848 XOR
2 1 85 213 852 AND
3 1 214 86 852 853 XOR3
3 1 846 847 853 855 AND-XOR
2 1 215 87 861 XOR
3 1 85 213 846 857 AND3
3 1 86 214 852 858 AND3
2 1 857 858 859 AND
3 1 86 214 859 860 AND3
2 1 861 860 862 XOR
2 1 87 215 866 AND
3 1 216 88 866 867 XOR3
3 1 860 861 867 869 AND-XOR
2 1 217 89 875 XOR
3 1 87 215 860 871 AND3
3 1 88 216 866 872 AND3
2 1 871 872 873 AND
3 1 88 216 873 874 AND3
2 1 875 874 876 XOR
2 1 89 217 880 AND
3 1 218 90 880 881 XOR3
3 1 874 875 881 883 AND-XOR
2 1 219 91 889 XOR
3 1 89 217 874 885 AND3
3 1 90 218 880 886 AND3
2 1 885 886 887 AND
3 1 90 218 887 888 AND3
2 1 889 888 890 XOR
2 1 91 219 894 AND
3 1 220 92 894 895 XOR3
3 1 888 889 895 897 AND-XOR
2 1 221 93 903 XOR
3 1 91 219 888 899 AND3
3 1 92 220 894 900 AND3
2 1 899 900 901 AND
3 1 92 220 901 902 AND3
2 1 903 902 904 XOR
2 1 93 221 908 AND
3 1 222 94 908 909 XOR3
3 1 902 903 909 911 AND-XOR
2 1 223 95 917 XOR
3 1 93 221 902 913 AND3
3 1 94 222 908 914 AND3
2 1 913 914 915 AND
3 1 94 222 915 916 AND3
2 1 917 916 918 XOR
2 1 95 223 922 AND
3 1 224 96 922 923 XOR3
3 1 916 917 923 925 AND-XOR
2 1 225 97 931 XOR
3 1 95 223 916 927 AND3
3 1 96 224 922 928 AND3
2 1 927 928 929 AND
3 1 96 224 929 930 AND3
2 1 931 930 932 XOR
2 1 97 225 936 AND
3 1 226 98 936 937 XOR3
3 1 930 931 937 939 AND-XOR
2 1 227 99 945 XOR
3 1 97 225 930 941 AND3
3 1 98 226 936 942 AND3
2 1 941 942 943 AND
3 1 98 226 943 944 AND3
2 1 945 944 946 XOR
2 1 99 227 950 AND
3 1 228 100 950 951 XOR3
3 1 944 945 951 953 AND-XOR
2 1 229 101 959 XOR
3 1 99 227 944 955 AND3
3 1 100 228 950 956 AND3
2 1 955 956 957 AND
3 1 100 228 957 958 AND3
2 1 959 958 960 XOR
2 1 101 229 964 AND
3 1 230 102 964 965 XOR3
3 1 958 959 965 967 AND-XOR
2 1 231 103 973 XOR
3 1 101 229 958 969 AND3
3 1 102 230 964 970 AND3
2 1 969 970 971 AND
3 1 102 230 971 972 AND3
2 1 973 972 974 XOR
2 1 103 231 978 AND
3 1 232 104 978 979 XOR3
3 1 972 973 979 981 AND-XOR
2 1 233 105 987 XOR
3 1 103 231 972 983 AND3
3 1 104 232 978 984 AND3
2 1 983 984 985 AND
3 1 104 232 985 986 AND3
2 1 987 986 988 XOR
2 1 105 233 992 AND
3 1 234 106 992 993 XOR3
3 1 986 987 993 995 AND-XOR
2 1 235 107 1001 XOR
3 1 105 233 986 997 AND3
3 1 106 234 992 998 AND3
2 1 997 998 999 AND
3 1 106 234 999 1000 AND3
2 1 1001 1000 1002 XOR
2 1 107 235 1006 AND
3 1 236 108 1006 1007 XOR3
3 1 1000 1001 1007 1009 AND-XOR
2 1 237 109 1015 XOR
3 1 107 235 1000 1011 AND3
3 1 108 236 1006 1012 AND3
2 1 1011 1012 1013 AND
3 1 108 236 1013 1014 AND3
2 1 1015 1014 1016 XOR
2 1 109 237 1020 AND
3 1 238 110 1020 1021 XOR3
3 1 1014 1015 1021 1023 AND-XOR
2 1 239 111 1029 XOR
3 1 109 237 1014 1025 AND3
3 1 110 238 1020 1026 AND3
2 1 1025 1026 1027 AND
3 1 110 238 1027 1028 AND3
2 1 1029 1028 1030 XOR
2 1 111 239 1034 AND
3 1 240 112 1034 1035 XOR3
3 1 1028 1029 1035 1037 AND-XOR
2 1 241 113 1043 XOR
3 1 111 239 1028 1039 AND3
3 1 112 240 1034 1040 AND3
2 1 1039 1040 1041 AND
3 1 112 240 1041 1042 AND3
2 1 1043 1042 1044 XOR
2 1 113 241 1048 AND
3 1 242 114 1048 1049 XOR3
3 1 1042 1043 1049 1051 AND-XOR
2 1 243 115 1057 XOR
3 1 113 241 1042 1053 AND3
3 1 114 242 1048 1054 AND3
2 1 1053 1054 1055 AND
3 1 114 242 1055 1056 AND3
2 1 1057 1056 1058 XOR
2 1 115 243 1062 AND
3 1 244 116 1062 1063 XOR3
3 1 1056 1057 1063 1065 AND-XOR
2 1 245 117 1071 XOR
3 1 115 243 1056 1067 AND3
3 1 116 244 1062 1068 AND3
2 1 1067 1068 1069 AND
3 1 116 244 1069 1070 AND3
2 1 1071 1070 1072 XOR
2 1 117 245 1076 AND
3 1 246 118 1076 1077 XOR3
3 1 1070 1071 1077 1079 AND-XOR
2 1 247 119 1085 XOR
3 1 117 245 1070 1081 AND3
3 1 118 246 1076 1082 AND3
2 1 1081 1082 1083 AND
3 1 118 246 1083 1084 AND3
2 1 1085 1084 1086 XOR
2 1 119 247 1090 AND
3 1 248 120 1090 1091 XOR3
3 1 1084 1085 1091 1093 AND-XOR
2 1 249 121 1099 XOR
3 1 119 247 1084 1095 AND3
3 1 120 248 1090 1096 AND3
2 1 1095 1096 1097 AND
3 1 120 248 1097 1098 AND3
2 1 1099 1098 1100 XOR
2 1 121 249 1104 AND
3 1 250 122 1104 1105 XOR3
3 1 1098 1099 1105 1107 AND-XOR
2 1 251 123 1113 XOR
3 1 121 249 1098 1109 AND3
3 1 122 250 1104 1110 AND3
2 1 1109 1110 1111 AND
3 1 122 250 1111 1112 AND3
2 1 1113 1112 1114 XOR
2 1 123 251 1118 AND
3 1 252 124 1118 1119 XOR3
3 1 1112 1113 1119 1121 AND-XOR
2 1 253 125 1127 XOR
3 1 123 251 1112 1123 AND3
3 1 124 252 1118 1124 AND3
2 1 1123 1124 1125 AND
3 1 124 252 1125 1126 AND3
2 1 1127 1126 1128 XOR
2 1 125 253 1132 AND
3 1 254 126 1132 1133 XOR3
3 1 1126 1127 1133 1135 AND-XOR
3 1 125 253 1126 1137 AND3
3 1 126 254 1132 1138 AND3
2 1 1137 1138 1139 AND
3 1 126 254 1139 1140 AND3
3 1 255 127 1140 1144 XOR3
3 1 127 255 1140 1145 AND3
3 1 127 255 1145 1146 AND3